1000 5130
0 3 1
0 71 1
0 290 1
0 351 1
0 428 1
0 458 1
0 584 1
0 661 1
0 764 1
0 823 1
0 886 1
0 921 1
1 57 1
1 137 1
1 239 1
1 374 1
1 565 1
1 658 1
1 681 1
1 725 1
1 755 1
1 848 1
1 965 1
2 34 1
2 74 1
2 118 1
2 218 1
2 304 1
2 447 1
2 676 1
2 701 1
2 845 1
3 42 1
3 248 1
3 367 1
3 421 1
4 148 1
4 154 1
4 230 1
4 258 1
4 300 1
4 418 1
4 560 1
4 608 1
4 624 1
4 791 1
4 869 1
4 915 1
5 48 1
5 154 1
5 249 1
5 281 1
5 445 1
5 483 1
5 529 1
5 602 1
5 651 1
5 992 1
5 997 1
6 444 1
6 457 1
6 478 1
6 641 1
6 701 1
6 817 1
7 41 1
7 109 1
7 186 1
7 233 1
7 388 1
7 588 1
7 635 1
8 228 1
8 310 1
8 311 1
8 344 1
8 347 1
8 490 1
8 535 1
8 628 1
8 630 1
8 758 1
8 779 1
8 832 1
8 886 1
8 959 1
9 81 1
9 224 1
9 270 1
9 345 1
9 419 1
9 481 1
9 583 1
9 985 1
10 50 1
10 182 1
10 184 1
10 204 1
10 284 1
10 373 1
10 458 1
10 520 1
10 908 1
10 942 1
10 993 1
11 88 1
11 166 1
11 271 1
11 475 1
11 513 1
11 594 1
11 606 1
11 714 1
11 827 1
11 906 1
11 929 1
11 956 1
11 972 1
11 988 1
12 141 1
12 232 1
12 291 1
12 316 1
12 354 1
12 453 1
12 573 1
12 578 1
12 627 1
12 686 1
12 834 1
12 847 1
12 859 1
12 875 1
12 882 1
12 947 1
13 249 1
13 284 1
13 339 1
13 479 1
13 646 1
13 655 1
13 660 1
13 679 1
13 889 1
14 80 1
14 132 1
14 159 1
14 233 1
14 315 1
14 367 1
14 414 1
14 539 1
14 565 1
14 637 1
14 657 1
14 782 1
14 803 1
14 855 1
15 101 1
15 150 1
15 189 1
15 513 1
15 595 1
15 709 1
15 767 1
15 798 1
15 888 1
15 918 1
16 17 1
16 50 1
16 278 1
16 560 1
16 573 1
16 610 1
16 614 1
16 643 1
16 767 1
16 771 1
17 21 1
17 76 1
17 86 1
17 121 1
17 240 1
17 271 1
17 384 1
17 433 1
17 461 1
17 479 1
17 757 1
17 872 1
18 28 1
18 215 1
18 398 1
18 445 1
18 506 1
18 514 1
18 531 1
18 632 1
18 703 1
18 748 1
18 848 1
19 193 1
19 490 1
19 534 1
19 597 1
19 816 1
19 854 1
19 918 1
19 945 1
19 946 1
19 966 1
20 186 1
20 223 1
20 349 1
20 464 1
20 563 1
20 582 1
20 584 1
20 610 1
21 80 1
21 110 1
21 364 1
21 370 1
21 482 1
21 500 1
21 556 1
21 576 1
21 637 1
21 774 1
21 931 1
22 48 1
22 158 1
22 265 1
22 267 1
22 298 1
22 441 1
22 554 1
22 587 1
22 672 1
22 789 1
22 909 1
22 964 1
23 152 1
23 216 1
23 220 1
23 399 1
23 512 1
23 620 1
23 742 1
23 804 1
23 876 1
23 960 1
24 80 1
24 206 1
24 251 1
24 272 1
24 284 1
24 335 1
24 350 1
24 373 1
24 434 1
24 447 1
24 548 1
24 593 1
24 695 1
24 801 1
25 67 1
25 68 1
25 98 1
25 112 1
25 135 1
25 183 1
25 301 1
25 313 1
25 526 1
25 569 1
25 670 1
25 684 1
25 687 1
25 807 1
25 940 1
26 133 1
26 143 1
26 337 1
26 529 1
26 543 1
26 589 1
26 651 1
26 776 1
26 825 1
26 865 1
27 35 1
27 86 1
27 97 1
27 290 1
27 345 1
27 351 1
27 400 1
27 615 1
27 627 1
27 628 1
27 708 1
27 816 1
27 884 1
28 160 1
28 225 1
28 481 1
28 506 1
28 621 1
28 744 1
28 747 1
28 758 1
28 997 1
29 108 1
29 200 1
29 343 1
29 428 1
29 551 1
30 190 1
30 210 1
30 231 1
30 327 1
30 440 1
30 538 1
30 549 1
30 854 1
30 951 1
31 84 1
31 93 1
31 95 1
31 190 1
31 191 1
31 783 1
31 858 1
31 909 1
32 75 1
32 94 1
32 107 1
32 136 1
32 219 1
32 252 1
32 367 1
32 517 1
32 608 1
32 781 1
32 949 1
33 75 1
33 150 1
33 191 1
33 275 1
33 298 1
33 398 1
33 415 1
33 659 1
33 780 1
33 797 1
33 836 1
33 853 1
33 925 1
34 41 1
34 64 1
34 347 1
34 480 1
34 796 1
34 819 1
34 950 1
35 131 1
35 132 1
35 204 1
35 425 1
35 474 1
35 648 1
35 766 1
35 883 1
35 893 1
35 928 1
35 967 1
36 82 1
36 214 1
36 242 1
36 283 1
36 380 1
36 735 1
36 765 1
36 900 1
36 995 1
37 130 1
37 484 1
37 555 1
37 689 1
37 706 1
37 902 1
37 905 1
37 921 1
37 925 1
38 81 1
38 138 1
38 166 1
38 224 1
38 323 1
38 485 1
38 489 1
38 741 1
38 759 1
38 839 1
38 978 1
39 288 1
39 409 1
39 537 1
39 655 1
39 673 1
39 746 1
39 866 1
39 870 1
40 116 1
40 123 1
40 162 1
40 172 1
40 184 1
40 243 1
40 329 1
40 362 1
40 371 1
40 447 1
40 645 1
40 967 1
40 992 1
40 996 1
41 94 1
41 169 1
41 250 1
41 270 1
41 445 1
41 547 1
41 572 1
41 579 1
41 679 1
41 749 1
41 899 1
42 416 1
42 436 1
42 557 1
42 777 1
42 849 1
43 114 1
43 280 1
43 288 1
43 318 1
43 428 1
43 770 1
43 855 1
43 946 1
43 969 1
44 74 1
44 95 1
44 160 1
44 318 1
44 521 1
44 839 1
44 907 1
44 920 1
44 997 1
45 214 1
45 473 1
45 504 1
45 585 1
45 602 1
45 603 1
45 613 1
45 802 1
45 835 1
45 857 1
45 893 1
45 929 1
45 989 1
46 191 1
46 224 1
46 239 1
46 337 1
46 441 1
46 960 1
47 156 1
47 371 1
47 390 1
47 396 1
47 534 1
47 578 1
47 804 1
47 894 1
47 969 1
48 140 1
48 175 1
48 225 1
48 271 1
48 290 1
48 451 1
48 490 1
48 658 1
49 63 1
49 229 1
49 278 1
49 320 1
49 446 1
49 632 1
49 841 1
50 88 1
50 176 1
50 430 1
50 442 1
50 688 1
50 884 1
51 127 1
51 131 1
51 150 1
51 230 1
51 260 1
51 281 1
51 290 1
51 322 1
51 404 1
51 529 1
51 686 1
51 690 1
51 748 1
51 896 1
51 898 1
51 939 1
52 105 1
52 171 1
52 178 1
52 191 1
52 199 1
52 232 1
52 257 1
52 277 1
52 337 1
52 513 1
52 673 1
52 721 1
52 761 1
52 856 1
52 874 1
53 73 1
53 111 1
53 172 1
53 195 1
53 368 1
53 442 1
53 519 1
53 577 1
53 583 1
53 833 1
53 870 1
53 891 1
54 84 1
54 318 1
54 428 1
54 477 1
54 487 1
54 544 1
54 570 1
54 678 1
54 781 1
54 791 1
54 919 1
54 945 1
54 997 1
55 149 1
55 335 1
55 383 1
55 466 1
55 473 1
55 489 1
55 506 1
55 635 1
55 723 1
55 839 1
56 108 1
56 162 1
56 448 1
56 566 1
56 752 1
56 801 1
56 805 1
56 872 1
56 955 1
57 89 1
57 133 1
57 227 1
57 265 1
57 477 1
57 517 1
57 557 1
57 753 1
58 137 1
58 268 1
58 286 1
58 294 1
58 326 1
59 134 1
59 170 1
59 231 1
59 406 1
59 424 1
59 547 1
59 585 1
59 598 1
59 825 1
60 71 1
60 207 1
60 228 1
60 397 1
60 580 1
60 616 1
60 756 1
60 819 1
60 852 1
60 900 1
61 142 1
61 281 1
61 320 1
61 330 1
61 335 1
61 475 1
61 516 1
61 585 1
61 650 1
61 736 1
61 893 1
61 950 1
62 76 1
62 127 1
62 300 1
62 349 1
62 392 1
62 558 1
62 805 1
62 837 1
63 114 1
63 221 1
63 286 1
63 748 1
63 843 1
63 929 1
63 978 1
64 411 1
64 507 1
64 752 1
64 773 1
64 844 1
64 944 1
65 126 1
65 146 1
65 166 1
65 219 1
65 396 1
65 414 1
65 588 1
65 607 1
65 805 1
65 869 1
65 924 1
66 126 1
66 283 1
66 449 1
66 497 1
66 616 1
66 671 1
66 698 1
66 737 1
66 738 1
66 744 1
66 847 1
66 888 1
66 900 1
67 193 1
67 269 1
67 331 1
67 470 1
67 478 1
67 641 1
67 715 1
67 750 1
67 879 1
67 899 1
67 960 1
68 224 1
68 281 1
68 399 1
68 484 1
68 739 1
68 924 1
69 307 1
69 359 1
69 364 1
69 453 1
69 659 1
69 710 1
69 874 1
70 209 1
70 210 1
70 331 1
70 349 1
70 365 1
70 384 1
70 641 1
70 732 1
70 793 1
70 864 1
70 922 1
70 924 1
70 997 1
71 98 1
71 128 1
71 131 1
71 183 1
71 232 1
71 297 1
71 400 1
71 442 1
71 543 1
71 630 1
71 634 1
71 708 1
71 716 1
71 731 1
71 738 1
71 922 1
72 353 1
72 401 1
72 462 1
72 565 1
72 569 1
72 598 1
72 759 1
72 805 1
72 829 1
72 895 1
72 925 1
72 966 1
72 973 1
72 981 1
73 112 1
73 212 1
73 337 1
73 380 1
73 422 1
73 534 1
73 617 1
73 720 1
73 917 1
74 616 1
74 695 1
74 795 1
74 848 1
74 986 1
75 251 1
75 360 1
75 434 1
75 452 1
75 464 1
75 595 1
75 706 1
75 763 1
75 776 1
75 849 1
76 145 1
76 323 1
76 367 1
76 372 1
76 489 1
76 496 1
76 558 1
76 559 1
76 687 1
76 713 1
76 781 1
76 982 1
77 235 1
77 259 1
77 477 1
77 553 1
77 787 1
77 804 1
77 823 1
77 872 1
78 306 1
78 336 1
78 390 1
79 173 1
79 359 1
79 404 1
79 421 1
79 831 1
79 874 1
79 904 1
79 905 1
79 920 1
80 267 1
80 483 1
80 602 1
80 717 1
81 264 1
81 425 1
81 444 1
81 461 1
81 717 1
82 166 1
82 472 1
82 495 1
82 525 1
82 609 1
82 842 1
82 853 1
82 997 1
83 220 1
83 310 1
83 610 1
83 645 1
83 720 1
83 722 1
83 883 1
83 897 1
83 947 1
83 968 1
83 979 1
84 122 1
84 612 1
84 622 1
84 703 1
84 903 1
84 973 1
84 979 1
85 263 1
85 523 1
85 556 1
85 588 1
85 701 1
85 748 1
85 786 1
85 881 1
85 992 1
86 254 1
86 269 1
86 318 1
86 346 1
86 411 1
86 418 1
86 475 1
86 489 1
86 576 1
86 675 1
86 707 1
86 762 1
86 802 1
87 240 1
87 337 1
87 349 1
87 374 1
87 506 1
87 578 1
87 648 1
87 774 1
87 796 1
87 866 1
87 907 1
87 948 1
88 99 1
88 131 1
88 165 1
88 504 1
88 564 1
88 601 1
88 609 1
88 747 1
88 775 1
88 806 1
88 831 1
88 868 1
88 935 1
89 206 1
89 249 1
89 257 1
89 571 1
89 645 1
89 818 1
89 901 1
89 905 1
89 968 1
90 113 1
90 313 1
90 345 1
90 760 1
90 840 1
90 846 1
90 946 1
91 271 1
91 374 1
91 447 1
91 591 1
91 736 1
91 745 1
91 751 1
91 870 1
91 875 1
92 109 1
92 110 1
92 139 1
92 184 1
92 186 1
92 188 1
92 314 1
92 419 1
92 676 1
92 749 1
92 801 1
93 147 1
93 153 1
93 215 1
93 251 1
93 299 1
93 398 1
93 436 1
93 442 1
93 541 1
93 566 1
93 912 1
93 916 1
94 99 1
94 208 1
94 371 1
94 375 1
94 422 1
94 519 1
94 564 1
94 601 1
94 608 1
94 653 1
94 667 1
94 681 1
94 687 1
94 724 1
94 779 1
94 787 1
94 900 1
95 152 1
95 384 1
95 505 1
95 791 1
96 274 1
96 505 1
96 649 1
96 697 1
96 699 1
96 731 1
96 815 1
97 220 1
97 231 1
97 271 1
97 548 1
97 667 1
97 717 1
97 761 1
97 800 1
97 973 1
98 153 1
98 157 1
98 183 1
98 274 1
98 363 1
98 429 1
98 445 1
98 551 1
98 587 1
98 591 1
98 594 1
98 683 1
98 990 1
99 335 1
99 502 1
99 537 1
99 611 1
99 749 1
99 766 1
99 787 1
99 926 1
99 977 1
100 261 1
100 304 1
100 361 1
100 660 1
100 709 1
100 880 1
100 940 1
101 198 1
101 243 1
101 327 1
101 757 1
101 872 1
102 154 1
102 299 1
102 302 1
102 391 1
102 489 1
102 491 1
102 563 1
102 610 1
102 690 1
102 881 1
103 147 1
103 276 1
103 491 1
103 884 1
104 259 1
104 288 1
104 511 1
104 552 1
104 575 1
104 606 1
104 679 1
104 705 1
104 717 1
104 747 1
104 814 1
105 112 1
105 217 1
105 308 1
105 391 1
105 447 1
105 521 1
105 714 1
105 783 1
105 875 1
105 895 1
105 968 1
106 138 1
106 185 1
106 371 1
106 505 1
106 612 1
106 762 1
106 990 1
107 137 1
107 362 1
107 429 1
107 437 1
107 553 1
107 580 1
107 695 1
107 836 1
107 853 1
107 989 1
108 173 1
108 299 1
108 382 1
108 447 1
108 464 1
108 597 1
108 635 1
108 654 1
108 683 1
108 766 1
109 201 1
109 246 1
109 413 1
109 481 1
109 499 1
109 599 1
109 622 1
109 682 1
109 772 1
109 914 1
109 990 1
110 298 1
110 303 1
110 308 1
110 448 1
110 779 1
110 927 1
111 234 1
111 424 1
111 469 1
111 517 1
111 523 1
111 928 1
112 153 1
112 222 1
112 333 1
112 354 1
112 465 1
112 483 1
112 545 1
112 776 1
112 793 1
112 836 1
112 899 1
112 951 1
112 989 1
113 126 1
113 661 1
113 671 1
113 852 1
113 995 1
114 163 1
114 197 1
114 253 1
114 366 1
114 539 1
114 702 1
114 717 1
114 760 1
114 819 1
114 985 1
115 183 1
115 320 1
115 358 1
115 360 1
115 404 1
115 477 1
115 496 1
115 593 1
115 652 1
115 680 1
115 725 1
115 784 1
115 820 1
115 979 1
116 138 1
116 157 1
116 321 1
116 485 1
116 659 1
116 672 1
116 697 1
116 935 1
117 283 1
117 384 1
117 556 1
117 615 1
117 795 1
117 902 1
117 911 1
118 189 1
118 278 1
118 294 1
118 491 1
118 530 1
118 616 1
118 702 1
118 769 1
119 143 1
119 511 1
119 721 1
119 792 1
119 925 1
119 945 1
120 276 1
120 286 1
120 429 1
120 549 1
120 554 1
120 610 1
120 661 1
120 666 1
120 731 1
120 776 1
120 843 1
121 246 1
121 329 1
121 545 1
121 632 1
121 776 1
121 826 1
121 952 1
122 156 1
122 194 1
122 304 1
122 378 1
122 493 1
122 638 1
122 653 1
122 656 1
122 761 1
122 790 1
122 824 1
122 939 1
122 942 1
122 948 1
123 145 1
123 193 1
123 228 1
123 271 1
123 353 1
123 541 1
123 632 1
123 678 1
123 975 1
124 143 1
124 164 1
124 300 1
124 321 1
124 401 1
124 460 1
124 565 1
124 597 1
124 648 1
124 709 1
124 802 1
125 224 1
125 258 1
125 316 1
125 405 1
125 567 1
125 611 1
125 698 1
125 838 1
125 861 1
125 923 1
126 155 1
126 364 1
126 514 1
126 565 1
126 567 1
126 690 1
126 743 1
126 761 1
126 784 1
126 810 1
126 938 1
126 946 1
127 240 1
127 316 1
127 324 1
127 327 1
127 403 1
127 793 1
127 853 1
127 945 1
128 196 1
128 345 1
128 429 1
128 558 1
128 722 1
129 269 1
129 352 1
129 361 1
129 373 1
129 471 1
129 527 1
129 711 1
129 816 1
129 980 1
130 182 1
130 192 1
130 240 1
130 255 1
130 299 1
130 356 1
130 379 1
130 391 1
130 472 1
130 594 1
130 644 1
130 694 1
130 715 1
130 804 1
130 811 1
131 162 1
131 442 1
131 609 1
131 661 1
131 703 1
131 783 1
131 790 1
131 792 1
131 794 1
131 951 1
132 136 1
132 285 1
132 382 1
132 411 1
132 561 1
132 884 1
132 892 1
133 161 1
133 170 1
133 197 1
133 226 1
133 424 1
134 413 1
134 673 1
134 674 1
134 769 1
134 773 1
134 795 1
134 822 1
134 852 1
134 955 1
135 315 1
135 409 1
135 434 1
135 555 1
135 689 1
135 745 1
135 844 1
135 875 1
135 981 1
135 989 1
136 412 1
136 466 1
136 682 1
136 730 1
136 813 1
137 163 1
137 431 1
137 527 1
137 702 1
137 842 1
137 959 1
138 209 1
138 228 1
138 283 1
138 419 1
138 448 1
138 544 1
138 924 1
138 991 1
139 154 1
139 165 1
139 274 1
139 296 1
139 397 1
139 449 1
139 473 1
139 484 1
139 641 1
139 888 1
140 188 1
140 204 1
140 359 1
140 429 1
140 503 1
140 580 1
140 659 1
140 786 1
140 787 1
140 918 1
140 990 1
141 171 1
141 220 1
141 243 1
141 496 1
141 505 1
141 544 1
141 586 1
141 606 1
141 655 1
141 683 1
141 964 1
141 974 1
142 239 1
142 418 1
142 440 1
142 503 1
142 554 1
142 607 1
142 764 1
142 948 1
143 390 1
143 404 1
143 469 1
143 492 1
143 542 1
143 628 1
143 748 1
143 851 1
143 865 1
143 917 1
143 995 1
144 208 1
144 285 1
144 298 1
144 337 1
144 378 1
144 542 1
144 620 1
144 761 1
144 876 1
144 982 1
145 474 1
145 502 1
145 543 1
145 569 1
145 648 1
145 673 1
145 755 1
145 758 1
145 799 1
145 916 1
145 932 1
145 999 1
146 429 1
146 479 1
146 549 1
146 800 1
146 865 1
146 970 1
147 233 1
147 333 1
147 724 1
147 973 1
148 186 1
148 270 1
148 317 1
148 438 1
148 524 1
148 605 1
149 152 1
149 237 1
149 644 1
149 742 1
149 763 1
149 771 1
149 878 1
149 918 1
149 965 1
149 979 1
150 204 1
150 297 1
150 355 1
150 371 1
150 483 1
150 485 1
150 494 1
150 666 1
150 803 1
150 834 1
151 327 1
151 419 1
151 508 1
151 628 1
151 648 1
151 781 1
151 810 1
151 957 1
151 960 1
152 276 1
152 331 1
152 514 1
152 599 1
152 623 1
152 637 1
152 722 1
152 792 1
153 238 1
153 562 1
153 576 1
153 610 1
153 713 1
153 934 1
154 185 1
154 429 1
154 526 1
154 532 1
154 587 1
154 656 1
154 687 1
154 800 1
154 816 1
154 846 1
155 346 1
155 362 1
155 372 1
155 711 1
155 753 1
155 844 1
155 876 1
155 959 1
155 979 1
156 302 1
156 452 1
156 513 1
156 570 1
156 681 1
156 709 1
157 180 1
157 195 1
157 309 1
157 404 1
157 618 1
157 658 1
157 790 1
157 860 1
157 930 1
158 171 1
158 320 1
158 765 1
158 975 1
159 368 1
159 369 1
159 581 1
159 690 1
159 954 1
160 195 1
160 448 1
160 487 1
160 515 1
160 758 1
160 779 1
160 782 1
160 855 1
161 190 1
161 403 1
161 406 1
161 409 1
161 581 1
161 585 1
161 722 1
161 786 1
161 958 1
162 184 1
162 345 1
162 498 1
162 562 1
162 572 1
162 642 1
162 645 1
162 674 1
162 885 1
162 976 1
162 990 1
162 991 1
163 297 1
163 445 1
163 476 1
163 555 1
163 754 1
163 931 1
164 296 1
164 332 1
164 717 1
164 736 1
164 742 1
164 748 1
164 935 1
165 268 1
165 307 1
165 329 1
165 572 1
165 596 1
165 719 1
165 791 1
165 851 1
165 923 1
165 973 1
165 985 1
166 169 1
166 219 1
166 254 1
166 257 1
166 316 1
166 348 1
166 646 1
166 738 1
166 811 1
167 359 1
167 372 1
167 382 1
167 541 1
167 583 1
167 646 1
167 691 1
167 827 1
167 892 1
168 204 1
168 471 1
168 501 1
168 542 1
168 643 1
168 680 1
168 690 1
168 712 1
168 789 1
169 248 1
169 271 1
169 309 1
169 425 1
169 515 1
169 575 1
169 701 1
169 726 1
169 896 1
169 945 1
169 946 1
169 998 1
170 216 1
170 369 1
170 585 1
170 692 1
170 868 1
171 221 1
171 377 1
171 401 1
171 484 1
171 543 1
171 666 1
171 793 1
171 801 1
171 904 1
171 934 1
172 193 1
172 195 1
172 416 1
172 503 1
172 564 1
172 642 1
172 763 1
172 809 1
173 253 1
173 541 1
173 547 1
173 596 1
173 601 1
173 753 1
173 842 1
173 899 1
173 935 1
174 712 1
174 870 1
175 243 1
175 477 1
175 500 1
175 730 1
175 773 1
175 793 1
175 887 1
175 948 1
176 221 1
176 262 1
176 331 1
176 416 1
176 532 1
176 576 1
176 673 1
176 702 1
176 757 1
176 763 1
176 819 1
177 735 1
177 772 1
177 812 1
177 869 1
177 950 1
177 963 1
178 437 1
178 695 1
178 786 1
178 960 1
178 971 1
179 210 1
179 262 1
179 444 1
179 551 1
179 577 1
179 631 1
179 666 1
179 699 1
179 844 1
179 955 1
179 959 1
180 186 1
180 250 1
180 276 1
180 309 1
180 381 1
180 431 1
180 480 1
180 818 1
181 270 1
181 401 1
181 504 1
181 541 1
181 549 1
181 626 1
181 639 1
181 643 1
181 649 1
181 718 1
181 798 1
181 803 1
181 830 1
181 843 1
181 978 1
182 244 1
182 637 1
182 662 1
182 735 1
182 752 1
182 754 1
182 849 1
182 891 1
183 414 1
183 600 1
183 639 1
183 650 1
183 951 1
183 998 1
184 205 1
184 311 1
184 584 1
184 830 1
184 901 1
184 958 1
185 353 1
185 520 1
185 660 1
185 748 1
185 864 1
185 894 1
186 216 1
186 217 1
186 362 1
186 486 1
186 641 1
186 807 1
186 871 1
186 948 1
186 962 1
186 992 1
187 381 1
187 528 1
187 681 1
187 703 1
188 256 1
188 342 1
188 361 1
188 425 1
188 455 1
188 524 1
188 729 1
188 731 1
188 744 1
188 842 1
188 946 1
189 232 1
189 344 1
189 490 1
189 536 1
189 709 1
189 716 1
189 881 1
189 900 1
190 370 1
190 715 1
190 764 1
190 971 1
191 212 1
191 246 1
191 266 1
191 312 1
191 324 1
191 423 1
191 649 1
191 716 1
191 832 1
191 908 1
192 243 1
192 300 1
192 305 1
192 429 1
192 455 1
192 491 1
192 502 1
192 653 1
192 680 1
192 758 1
192 913 1
193 346 1
193 360 1
193 527 1
193 886 1
193 903 1
194 301 1
194 457 1
194 552 1
194 690 1
194 716 1
194 800 1
194 941 1
194 966 1
194 980 1
195 268 1
195 431 1
195 542 1
195 735 1
195 740 1
195 755 1
195 855 1
196 206 1
196 427 1
196 614 1
196 663 1
196 757 1
196 807 1
196 944 1
197 250 1
197 355 1
197 429 1
197 487 1
197 523 1
197 535 1
197 546 1
197 563 1
197 588 1
197 679 1
197 828 1
197 834 1
198 251 1
198 333 1
198 361 1
198 633 1
198 640 1
198 664 1
198 675 1
198 841 1
198 920 1
199 259 1
199 590 1
199 895 1
199 962 1
200 276 1
200 284 1
200 304 1
200 515 1
200 536 1
200 612 1
200 700 1
200 805 1
200 873 1
201 302 1
201 467 1
201 561 1
201 779 1
201 800 1
201 876 1
202 221 1
202 341 1
202 687 1
202 806 1
202 825 1
202 900 1
202 915 1
203 241 1
203 596 1
203 621 1
203 656 1
203 710 1
203 920 1
203 923 1
203 983 1
204 239 1
204 486 1
204 558 1
204 628 1
204 629 1
204 721 1
204 729 1
205 266 1
205 525 1
205 527 1
205 628 1
205 864 1
206 221 1
206 256 1
206 462 1
206 489 1
206 633 1
206 760 1
206 767 1
206 773 1
206 911 1
206 964 1
207 260 1
207 329 1
207 349 1
207 371 1
207 411 1
207 516 1
207 534 1
207 593 1
207 669 1
207 777 1
207 820 1
207 830 1
207 882 1
207 940 1
208 271 1
208 369 1
208 479 1
208 660 1
208 883 1
208 916 1
208 922 1
209 311 1
209 413 1
209 424 1
209 435 1
209 528 1
209 576 1
209 682 1
209 701 1
210 371 1
210 534 1
210 747 1
210 957 1
211 218 1
211 392 1
211 425 1
211 438 1
211 442 1
211 444 1
211 847 1
211 854 1
211 966 1
212 289 1
212 396 1
212 398 1
212 567 1
212 583 1
212 629 1
212 734 1
212 742 1
212 765 1
212 936 1
212 974 1
213 252 1
213 306 1
213 398 1
213 472 1
213 480 1
213 560 1
213 581 1
213 623 1
213 783 1
213 901 1
213 923 1
213 935 1
214 245 1
214 325 1
214 490 1
214 498 1
214 520 1
214 522 1
214 527 1
214 547 1
214 615 1
214 756 1
214 931 1
215 355 1
215 527 1
215 544 1
215 675 1
216 444 1
216 609 1
216 656 1
216 905 1
216 962 1
216 963 1
217 322 1
217 397 1
217 407 1
217 458 1
217 570 1
217 679 1
217 799 1
218 300 1
218 465 1
218 467 1
218 664 1
218 710 1
218 741 1
218 771 1
218 772 1
218 984 1
219 320 1
219 365 1
219 431 1
219 432 1
219 637 1
219 732 1
219 738 1
219 790 1
219 826 1
219 840 1
220 330 1
220 349 1
220 414 1
220 451 1
220 689 1
220 708 1
220 796 1
220 913 1
221 243 1
221 323 1
221 360 1
221 419 1
221 510 1
221 526 1
221 591 1
221 673 1
221 714 1
221 740 1
221 865 1
221 889 1
222 266 1
222 288 1
222 435 1
222 455 1
222 462 1
222 478 1
222 498 1
222 515 1
222 618 1
222 677 1
222 756 1
222 842 1
222 876 1
222 934 1
223 398 1
223 400 1
223 475 1
223 594 1
223 634 1
224 234 1
224 326 1
224 346 1
224 497 1
224 557 1
224 668 1
224 794 1
224 852 1
225 360 1
225 698 1
225 883 1
225 971 1
226 577 1
226 916 1
226 987 1
227 776 1
227 866 1
227 875 1
227 904 1
227 940 1
227 968 1
228 348 1
228 515 1
228 533 1
228 911 1
228 995 1
229 316 1
229 334 1
229 348 1
229 504 1
229 673 1
229 692 1
229 789 1
229 870 1
229 886 1
229 962 1
229 998 1
230 233 1
230 241 1
230 270 1
230 271 1
230 492 1
230 538 1
230 576 1
230 794 1
231 427 1
231 438 1
231 449 1
231 477 1
231 609 1
231 726 1
231 747 1
231 940 1
231 948 1
232 288 1
232 290 1
232 392 1
232 407 1
232 505 1
232 857 1
232 923 1
232 992 1
233 260 1
233 634 1
233 648 1
233 703 1
233 846 1
233 919 1
233 992 1
234 306 1
234 403 1
234 488 1
234 666 1
234 778 1
234 848 1
234 858 1
234 864 1
234 977 1
235 266 1
235 279 1
235 368 1
235 631 1
235 656 1
235 665 1
236 280 1
236 287 1
236 317 1
236 523 1
236 586 1
236 684 1
237 275 1
237 493 1
237 665 1
237 713 1
237 864 1
237 916 1
237 986 1
238 283 1
238 402 1
238 423 1
238 451 1
238 501 1
238 508 1
238 643 1
238 681 1
238 695 1
238 723 1
238 763 1
238 829 1
238 880 1
239 429 1
239 492 1
239 540 1
239 579 1
239 581 1
239 661 1
239 733 1
239 744 1
240 262 1
240 465 1
240 511 1
240 601 1
240 703 1
240 733 1
240 922 1
240 954 1
240 982 1
241 269 1
241 305 1
241 563 1
241 577 1
241 653 1
241 658 1
241 774 1
241 800 1
241 842 1
241 891 1
242 322 1
242 334 1
242 400 1
242 479 1
242 512 1
242 534 1
242 566 1
242 594 1
242 716 1
242 824 1
243 249 1
243 285 1
243 338 1
243 353 1
243 405 1
243 502 1
243 599 1
243 619 1
243 810 1
243 956 1
244 410 1
244 525 1
244 615 1
244 618 1
244 674 1
244 732 1
244 831 1
244 899 1
244 971 1
245 329 1
245 425 1
245 447 1
245 686 1
245 769 1
245 782 1
246 486 1
246 586 1
246 658 1
246 710 1
246 941 1
247 464 1
247 650 1
247 685 1
247 831 1
248 278 1
248 281 1
248 509 1
248 517 1
248 551 1
248 574 1
248 683 1
248 700 1
248 860 1
249 336 1
249 379 1
249 538 1
249 652 1
249 681 1
249 710 1
249 851 1
249 897 1
250 287 1
250 340 1
250 435 1
250 508 1
250 525 1
250 545 1
250 576 1
250 629 1
250 644 1
251 358 1
251 585 1
251 865 1
251 906 1
251 948 1
252 315 1
252 357 1
252 395 1
252 413 1
252 473 1
252 539 1
252 547 1
252 570 1
252 606 1
252 755 1
252 756 1
252 884 1
253 287 1
253 292 1
253 374 1
253 478 1
253 506 1
253 556 1
253 626 1
253 691 1
253 726 1
254 375 1
254 392 1
254 478 1
254 564 1
254 750 1
254 785 1
254 800 1
254 896 1
254 942 1
255 400 1
255 501 1
255 715 1
255 719 1
255 795 1
256 345 1
256 613 1
256 670 1
256 879 1
256 906 1
256 944 1
256 968 1
257 299 1
257 300 1
257 513 1
257 570 1
257 610 1
257 716 1
258 277 1
258 284 1
258 377 1
258 393 1
258 496 1
258 597 1
258 676 1
258 688 1
258 893 1
259 267 1
259 271 1
259 285 1
259 411 1
259 702 1
259 703 1
259 739 1
259 867 1
259 987 1
260 281 1
260 302 1
260 311 1
260 386 1
260 429 1
260 467 1
260 522 1
260 827 1
260 850 1
260 870 1
260 995 1
261 309 1
261 458 1
261 632 1
261 648 1
261 717 1
261 730 1
262 270 1
262 297 1
262 336 1
262 421 1
262 422 1
262 540 1
262 667 1
262 766 1
262 804 1
262 933 1
262 934 1
263 347 1
263 504 1
263 739 1
263 762 1
263 870 1
263 877 1
264 269 1
264 407 1
264 480 1
264 508 1
264 867 1
265 269 1
265 309 1
265 313 1
265 464 1
265 467 1
265 472 1
265 858 1
265 861 1
265 906 1
265 974 1
265 979 1
266 398 1
266 416 1
266 541 1
266 610 1
266 674 1
266 696 1
266 707 1
266 926 1
267 539 1
268 372 1
268 407 1
268 426 1
268 488 1
268 583 1
268 600 1
268 613 1
268 847 1
268 853 1
268 888 1
268 940 1
268 959 1
269 496 1
270 313 1
270 433 1
270 540 1
270 958 1
271 300 1
271 495 1
271 575 1
271 670 1
271 703 1
271 831 1
271 964 1
271 986 1
271 987 1
272 447 1
272 467 1
272 565 1
272 600 1
273 333 1
273 350 1
273 355 1
273 363 1
273 637 1
273 680 1
273 700 1
273 781 1
273 825 1
273 917 1
274 310 1
274 373 1
274 398 1
274 467 1
274 503 1
274 522 1
274 591 1
274 853 1
274 924 1
274 966 1
275 351 1
275 771 1
275 813 1
275 861 1
275 870 1
275 894 1
275 900 1
275 937 1
275 941 1
276 332 1
276 339 1
276 375 1
276 414 1
276 518 1
276 527 1
276 931 1
277 316 1
277 713 1
277 719 1
277 728 1
277 754 1
277 992 1
278 547 1
278 556 1
278 591 1
278 635 1
278 668 1
278 680 1
278 720 1
278 734 1
278 786 1
278 978 1
279 376 1
279 577 1
279 711 1
279 832 1
279 960 1
279 976 1
280 319 1
280 761 1
280 779 1
280 914 1
280 969 1
280 974 1
280 982 1
281 345 1
281 435 1
281 637 1
281 800 1
281 919 1
282 301 1
282 351 1
282 666 1
282 702 1
282 834 1
282 837 1
282 838 1
282 919 1
282 921 1
283 285 1
283 314 1
283 350 1
283 425 1
283 465 1
283 619 1
283 631 1
283 724 1
283 823 1
283 852 1
283 883 1
284 423 1
284 487 1
284 491 1
284 684 1
284 719 1
284 720 1
284 722 1
284 723 1
284 779 1
285 298 1
285 408 1
285 416 1
285 517 1
285 587 1
285 697 1
285 727 1
285 886 1
286 685 1
286 708 1
286 716 1
286 794 1
287 389 1
287 495 1
287 545 1
287 596 1
288 381 1
288 389 1
288 488 1
288 520 1
288 602 1
288 642 1
288 692 1
288 727 1
288 898 1
289 446 1
289 454 1
289 459 1
289 527 1
289 553 1
289 570 1
289 633 1
289 666 1
289 799 1
289 841 1
289 848 1
290 329 1
290 448 1
290 498 1
291 312 1
291 427 1
291 438 1
291 469 1
291 496 1
291 519 1
291 564 1
291 635 1
291 980 1
291 996 1
292 377 1
292 440 1
292 666 1
292 779 1
292 939 1
292 993 1
293 310 1
293 559 1
293 658 1
293 678 1
293 696 1
293 781 1
293 824 1
293 917 1
293 947 1
293 953 1
293 997 1
294 410 1
294 450 1
294 471 1
294 627 1
294 678 1
294 691 1
294 818 1
294 840 1
294 859 1
294 890 1
294 936 1
294 976 1
295 300 1
295 437 1
295 459 1
295 527 1
295 532 1
295 659 1
295 676 1
296 306 1
296 307 1
296 383 1
296 462 1
296 490 1
296 522 1
296 834 1
297 449 1
297 526 1
297 542 1
297 548 1
297 555 1
297 598 1
297 890 1
297 959 1
298 485 1
298 562 1
298 653 1
298 666 1
298 730 1
298 832 1
298 848 1
298 884 1
298 972 1
299 377 1
299 418 1
299 493 1
299 596 1
299 698 1
299 756 1
299 783 1
299 876 1
300 406 1
300 418 1
300 464 1
300 523 1
300 531 1
300 734 1
300 739 1
300 763 1
300 777 1
300 863 1
300 946 1
300 990 1
301 369 1
301 530 1
301 641 1
301 739 1
301 778 1
301 878 1
301 897 1
301 961 1
302 359 1
302 450 1
302 571 1
302 584 1
302 689 1
302 694 1
302 944 1
302 998 1
303 393 1
303 408 1
303 443 1
303 587 1
303 672 1
303 823 1
303 877 1
303 934 1
304 361 1
304 363 1
304 426 1
304 473 1
304 532 1
304 620 1
304 653 1
304 699 1
304 749 1
304 863 1
304 907 1
304 986 1
305 310 1
305 349 1
305 471 1
305 567 1
305 604 1
305 647 1
305 708 1
305 949 1
306 346 1
306 357 1
306 516 1
306 546 1
306 580 1
306 585 1
306 597 1
306 599 1
306 669 1
306 828 1
307 329 1
307 392 1
307 528 1
307 604 1
307 794 1
307 813 1
307 868 1
307 878 1
308 340 1
308 386 1
308 502 1
308 661 1
308 825 1
308 883 1
308 939 1
308 960 1
309 399 1
309 613 1
309 651 1
309 809 1
309 985 1
310 311 1
310 314 1
310 432 1
310 437 1
310 732 1
310 838 1
310 901 1
310 975 1
310 987 1
311 395 1
311 507 1
311 699 1
311 719 1
311 801 1
311 942 1
312 333 1
312 503 1
312 583 1
312 599 1
312 735 1
312 790 1
312 827 1
312 940 1
313 605 1
313 657 1
313 744 1
313 833 1
313 835 1
313 854 1
314 405 1
314 424 1
314 439 1
314 561 1
314 620 1
314 637 1
314 691 1
314 777 1
314 975 1
315 586 1
315 719 1
315 810 1
315 837 1
315 908 1
315 935 1
316 363 1
316 417 1
316 456 1
316 501 1
316 536 1
316 608 1
316 732 1
316 830 1
316 899 1
316 953 1
317 323 1
317 402 1
317 417 1
317 440 1
317 452 1
317 506 1
317 587 1
317 621 1
317 662 1
317 671 1
317 856 1
317 884 1
317 926 1
317 986 1
318 344 1
318 442 1
318 707 1
318 787 1
318 804 1
319 562 1
319 680 1
319 694 1
319 830 1
319 902 1
320 378 1
320 540 1
320 597 1
320 744 1
320 789 1
320 828 1
320 857 1
321 512 1
321 578 1
321 700 1
321 718 1
321 740 1
321 773 1
321 818 1
321 849 1
321 878 1
321 931 1
322 532 1
322 589 1
322 611 1
322 659 1
322 787 1
322 882 1
323 610 1
323 625 1
323 681 1
323 710 1
323 797 1
323 845 1
324 554 1
324 953 1
325 328 1
325 403 1
325 448 1
325 551 1
325 587 1
325 616 1
325 672 1
325 675 1
325 740 1
325 800 1
325 959 1
325 985 1
326 344 1
326 363 1
326 421 1
326 474 1
326 538 1
326 576 1
326 621 1
326 631 1
326 741 1
326 758 1
326 880 1
327 495 1
327 539 1
327 576 1
327 620 1
327 655 1
327 816 1
327 865 1
327 958 1
328 540 1
328 669 1
328 887 1
329 372 1
329 436 1
329 456 1
329 544 1
329 597 1
329 642 1
329 659 1
329 756 1
329 848 1
329 868 1
330 420 1
330 435 1
330 548 1
330 560 1
330 571 1
330 621 1
331 382 1
331 397 1
331 412 1
331 645 1
331 665 1
331 701 1
331 711 1
331 906 1
331 972 1
332 382 1
332 420 1
332 595 1
332 606 1
332 862 1
332 888 1
332 967 1
333 479 1
333 709 1
333 853 1
333 974 1
334 340 1
334 365 1
334 450 1
334 451 1
334 630 1
334 762 1
334 851 1
334 945 1
334 983 1
335 445 1
335 473 1
335 523 1
335 524 1
335 641 1
335 715 1
335 783 1
335 802 1
335 859 1
335 886 1
336 352 1
336 365 1
336 455 1
336 479 1
336 542 1
336 632 1
336 661 1
336 840 1
336 965 1
337 446 1
337 458 1
337 511 1
337 512 1
337 647 1
337 668 1
337 791 1
337 864 1
337 926 1
337 933 1
338 387 1
338 511 1
338 586 1
338 646 1
338 690 1
338 715 1
338 753 1
338 886 1
338 934 1
338 941 1
338 943 1
339 404 1
339 466 1
339 738 1
339 793 1
339 811 1
339 870 1
339 875 1
340 561 1
340 669 1
340 702 1
340 806 1
340 915 1
341 511 1
341 552 1
341 683 1
341 688 1
341 785 1
341 801 1
341 806 1
341 810 1
341 892 1
341 905 1
341 963 1
341 970 1
341 996 1
342 455 1
342 468 1
342 559 1
342 563 1
342 580 1
342 687 1
342 703 1
342 794 1
342 922 1
342 995 1
343 426 1
343 436 1
343 500 1
343 517 1
343 693 1
343 965 1
344 454 1
344 549 1
344 615 1
344 714 1
344 853 1
345 456 1
345 764 1
345 827 1
346 389 1
346 468 1
346 479 1
346 812 1
346 833 1
347 471 1
347 566 1
347 667 1
348 426 1
348 436 1
348 501 1
348 571 1
348 791 1
348 913 1
349 423 1
349 528 1
349 687 1
349 727 1
349 795 1
349 837 1
350 674 1
350 864 1
351 470 1
351 680 1
351 682 1
351 693 1
351 970 1
352 483 1
352 619 1
352 843 1
353 355 1
353 359 1
353 392 1
353 402 1
353 429 1
353 511 1
353 566 1
353 574 1
353 696 1
353 715 1
353 904 1
353 979 1
354 374 1
354 391 1
354 432 1
354 652 1
354 996 1
355 371 1
355 441 1
355 554 1
355 587 1
355 598 1
355 933 1
356 456 1
356 546 1
356 677 1
356 682 1
356 691 1
356 796 1
356 867 1
356 912 1
357 390 1
357 422 1
357 449 1
357 521 1
357 537 1
357 613 1
357 618 1
357 780 1
357 864 1
358 544 1
358 655 1
358 920 1
359 795 1
359 797 1
359 925 1
359 999 1
360 738 1
360 815 1
360 891 1
360 900 1
361 484 1
361 557 1
361 622 1
361 623 1
361 820 1
361 827 1
361 869 1
361 911 1
362 377 1
362 443 1
362 536 1
362 545 1
362 568 1
362 906 1
362 911 1
362 968 1
363 556 1
363 759 1
363 823 1
363 990 1
364 529 1
364 581 1
364 778 1
364 831 1
364 942 1
365 369 1
365 427 1
365 553 1
365 623 1
365 756 1
365 825 1
365 929 1
365 956 1
366 533 1
366 678 1
366 760 1
366 796 1
366 919 1
367 409 1
367 464 1
367 465 1
367 481 1
367 504 1
367 613 1
367 627 1
367 737 1
367 747 1
367 769 1
367 794 1
367 817 1
367 848 1
367 912 1
368 606 1
368 647 1
368 653 1
368 663 1
368 696 1
368 715 1
369 445 1
369 679 1
369 742 1
369 758 1
369 860 1
369 998 1
370 540 1
370 659 1
370 727 1
370 855 1
370 911 1
370 981 1
370 995 1
371 396 1
371 509 1
371 925 1
371 939 1
372 387 1
372 516 1
372 555 1
372 645 1
372 844 1
373 458 1
373 512 1
373 635 1
373 676 1
373 736 1
374 392 1
374 422 1
374 439 1
374 458 1
374 467 1
374 535 1
374 539 1
374 606 1
374 866 1
375 471 1
375 512 1
375 560 1
375 579 1
375 681 1
375 810 1
375 839 1
376 488 1
376 495 1
376 666 1
376 696 1
376 762 1
376 913 1
376 953 1
376 955 1
376 971 1
377 622 1
377 752 1
377 773 1
377 782 1
377 893 1
378 444 1
378 667 1
378 675 1
378 721 1
378 768 1
378 997 1
379 404 1
379 540 1
379 571 1
379 585 1
379 592 1
379 823 1
379 829 1
379 917 1
379 935 1
379 958 1
380 668 1
380 725 1
381 637 1
381 643 1
381 822 1
381 915 1
382 524 1
382 609 1
382 629 1
382 638 1
382 955 1
382 993 1
384 548 1
384 714 1
384 729 1
384 893 1
384 897 1
385 488 1
385 495 1
385 566 1
385 664 1
385 995 1
386 574 1
386 691 1
386 983 1
388 436 1
388 614 1
388 827 1
388 893 1
388 909 1
389 512 1
389 524 1
389 691 1
389 726 1
389 751 1
389 762 1
389 919 1
390 469 1
390 617 1
390 736 1
390 941 1
390 966 1
391 504 1
391 508 1
391 842 1
391 902 1
391 915 1
391 989 1
391 990 1
391 998 1
392 622 1
392 649 1
392 687 1
392 710 1
392 769 1
393 402 1
393 619 1
393 737 1
393 740 1
393 964 1
393 984 1
394 399 1
394 478 1
394 594 1
394 630 1
394 667 1
394 707 1
394 720 1
394 890 1
394 930 1
395 408 1
395 549 1
395 597 1
395 608 1
395 766 1
395 945 1
396 583 1
396 600 1
396 663 1
397 402 1
397 487 1
397 492 1
397 609 1
397 683 1
397 703 1
397 739 1
397 920 1
398 417 1
398 461 1
398 470 1
398 556 1
398 565 1
398 803 1
398 816 1
398 853 1
398 859 1
398 892 1
398 904 1
398 914 1
398 982 1
399 408 1
399 553 1
399 708 1
399 879 1
399 979 1
399 989 1
400 522 1
400 523 1
400 697 1
400 717 1
400 787 1
400 823 1
400 860 1
400 944 1
401 479 1
401 659 1
401 800 1
401 861 1
401 893 1
402 438 1
402 500 1
402 778 1
402 820 1
402 974 1
403 454 1
403 482 1
403 583 1
403 600 1
403 686 1
403 697 1
403 775 1
403 839 1
403 871 1
403 969 1
404 582 1
404 599 1
404 755 1
404 787 1
405 425 1
405 511 1
405 530 1
405 576 1
405 886 1
405 913 1
406 430 1
406 456 1
406 702 1
406 794 1
406 997 1
407 452 1
407 513 1
407 514 1
407 588 1
407 662 1
407 671 1
407 844 1
407 869 1
407 904 1
408 413 1
408 703 1
408 928 1
409 415 1
409 427 1
409 451 1
409 473 1
409 603 1
409 632 1
409 675 1
409 777 1
410 674 1
410 775 1
410 804 1
410 883 1
411 616 1
411 760 1
411 801 1
411 848 1
411 887 1
411 927 1
411 981 1
411 995 1
412 612 1
412 952 1
413 590 1
414 429 1
414 480 1
414 538 1
414 554 1
414 712 1
414 786 1
414 793 1
414 798 1
414 823 1
414 826 1
414 968 1
415 422 1
415 439 1
415 743 1
416 441 1
416 458 1
416 775 1
416 823 1
416 889 1
416 917 1
417 544 1
417 555 1
417 806 1
417 912 1
418 509 1
418 562 1
418 649 1
418 702 1
418 726 1
418 737 1
418 908 1
418 979 1
419 461 1
419 489 1
419 532 1
419 599 1
419 680 1
419 740 1
420 510 1
420 527 1
420 647 1
420 711 1
420 738 1
421 454 1
421 701 1
421 761 1
421 907 1
421 977 1
422 509 1
422 523 1
422 666 1
422 723 1
422 772 1
422 999 1
423 494 1
423 607 1
423 624 1
423 703 1
423 769 1
423 947 1
424 487 1
424 546 1
424 567 1
424 570 1
424 582 1
424 701 1
424 860 1
424 866 1
425 489 1
425 500 1
425 604 1
425 847 1
426 552 1
426 585 1
426 780 1
427 519 1
427 649 1
427 855 1
427 898 1
427 915 1
427 990 1
428 432 1
428 505 1
428 741 1
428 811 1
428 843 1
428 875 1
428 956 1
429 497 1
429 555 1
429 563 1
429 576 1
429 715 1
429 734 1
429 763 1
429 883 1
429 956 1
430 448 1
430 538 1
430 541 1
430 569 1
430 623 1
430 702 1
430 765 1
431 504 1
431 536 1
431 595 1
431 713 1
431 766 1
431 835 1
431 894 1
432 454 1
432 505 1
432 555 1
432 628 1
432 648 1
432 655 1
432 683 1
432 734 1
432 797 1
432 852 1
432 884 1
433 449 1
433 663 1
433 833 1
433 873 1
433 920 1
434 762 1
434 828 1
434 897 1
435 447 1
435 470 1
435 508 1
435 580 1
435 592 1
435 607 1
435 639 1
435 704 1
435 730 1
435 816 1
436 456 1
436 582 1
436 613 1
436 664 1
436 771 1
436 824 1
436 868 1
437 505 1
437 674 1
437 699 1
437 792 1
437 877 1
437 953 1
438 465 1
438 570 1
438 644 1
438 752 1
438 852 1
438 861 1
438 866 1
438 889 1
438 936 1
439 645 1
439 735 1
439 747 1
439 876 1
439 886 1
440 522 1
440 588 1
440 599 1
440 731 1
440 732 1
440 789 1
440 929 1
441 668 1
442 452 1
442 501 1
442 558 1
442 579 1
442 719 1
442 729 1
442 800 1
442 834 1
442 856 1
443 456 1
443 459 1
443 505 1
443 525 1
443 591 1
443 663 1
443 855 1
443 869 1
444 672 1
444 689 1
444 791 1
445 455 1
445 858 1
445 973 1
445 996 1
446 462 1
446 525 1
446 723 1
446 852 1
446 954 1
447 464 1
447 467 1
447 609 1
447 699 1
447 738 1
447 982 1
447 983 1
448 514 1
448 544 1
448 635 1
448 677 1
448 893 1
448 908 1
449 469 1
449 477 1
449 714 1
449 788 1
449 871 1
449 873 1
450 480 1
450 713 1
450 745 1
451 604 1
451 710 1
451 873 1
451 881 1
451 968 1
452 483 1
452 628 1
452 841 1
452 899 1
452 903 1
452 983 1
453 500 1
453 576 1
453 654 1
453 905 1
453 972 1
453 982 1
454 502 1
454 738 1
454 776 1
454 900 1
454 947 1
455 606 1
455 699 1
455 784 1
455 856 1
455 893 1
455 905 1
455 911 1
456 529 1
456 548 1
456 599 1
456 722 1
456 845 1
456 890 1
456 943 1
457 458 1
457 490 1
457 548 1
457 591 1
457 714 1
457 778 1
457 847 1
458 615 1
458 637 1
458 742 1
458 849 1
458 931 1
458 951 1
459 721 1
459 774 1
459 938 1
459 974 1
459 994 1
460 532 1
460 582 1
460 624 1
460 692 1
460 710 1
460 725 1
460 770 1
461 570 1
461 612 1
461 650 1
461 662 1
461 834 1
461 929 1
461 999 1
462 636 1
462 688 1
462 792 1
462 880 1
462 905 1
463 503 1
463 809 1
463 878 1
463 895 1
464 467 1
464 688 1
464 848 1
464 874 1
465 619 1
465 641 1
465 723 1
465 752 1
465 845 1
465 888 1
466 715 1
466 725 1
466 741 1
466 941 1
466 978 1
467 602 1
467 646 1
467 711 1
467 718 1
467 726 1
467 733 1
467 828 1
467 829 1
468 495 1
468 573 1
468 646 1
468 883 1
468 935 1
468 989 1
469 581 1
469 821 1
469 906 1
469 917 1
470 741 1
470 831 1
470 866 1
470 925 1
471 562 1
471 695 1
471 748 1
471 961 1
471 991 1
472 672 1
472 723 1
472 724 1
472 747 1
472 822 1
472 861 1
472 887 1
472 979 1
473 549 1
473 641 1
473 660 1
473 730 1
473 908 1
474 501 1
474 783 1
474 892 1
474 907 1
474 908 1
474 986 1
475 518 1
475 583 1
475 599 1
475 684 1
475 902 1
476 545 1
476 812 1
476 817 1
476 971 1
477 679 1
477 695 1
477 833 1
477 877 1
478 485 1
478 524 1
478 547 1
478 589 1
478 600 1
478 641 1
478 695 1
478 714 1
478 859 1
478 919 1
478 965 1
479 517 1
479 636 1
479 665 1
479 785 1
479 976 1
479 997 1
480 535 1
480 695 1
480 753 1
480 879 1
481 513 1
481 521 1
481 548 1
481 673 1
481 877 1
481 901 1
481 995 1
482 606 1
482 610 1
482 846 1
482 919 1
482 932 1
482 955 1
483 517 1
483 747 1
483 913 1
483 970 1
484 502 1
484 574 1
484 659 1
484 752 1
484 835 1
484 842 1
485 718 1
485 729 1
485 965 1
485 985 1
486 530 1
486 651 1
486 787 1
486 792 1
486 980 1
487 510 1
487 573 1
487 759 1
487 868 1
487 886 1
488 619 1
488 695 1
488 932 1
489 497 1
489 553 1
489 582 1
489 719 1
489 820 1
489 943 1
490 535 1
490 713 1
490 721 1
490 770 1
491 602 1
491 725 1
491 808 1
492 537 1
492 553 1
492 571 1
492 595 1
492 619 1
492 687 1
492 695 1
492 763 1
492 868 1
492 907 1
492 985 1
493 973 1
494 527 1
494 578 1
494 662 1
494 684 1
494 727 1
494 834 1
494 886 1
494 952 1
494 995 1
495 732 1
495 759 1
495 770 1
495 839 1
495 873 1
495 943 1
495 978 1
496 519 1
496 718 1
496 899 1
496 902 1
496 964 1
497 529 1
497 619 1
497 640 1
497 797 1
497 857 1
497 946 1
497 987 1
498 521 1
498 533 1
498 660 1
498 662 1
498 798 1
498 828 1
499 531 1
499 543 1
499 765 1
499 817 1
500 538 1
500 550 1
500 552 1
500 563 1
500 683 1
500 820 1
500 826 1
500 864 1
500 920 1
500 959 1
501 532 1
501 596 1
502 542 1
502 583 1
502 686 1
502 804 1
502 807 1
502 839 1
502 887 1
502 892 1
502 980 1
503 582 1
503 658 1
503 770 1
503 853 1
503 856 1
503 995 1
504 622 1
504 868 1
504 892 1
504 979 1
504 984 1
505 647 1
505 693 1
505 948 1
506 612 1
506 614 1
506 665 1
506 674 1
506 719 1
506 843 1
506 846 1
506 849 1
507 993 1
508 512 1
508 818 1
508 906 1
508 959 1
509 545 1
509 567 1
509 645 1
509 814 1
509 903 1
509 915 1
509 974 1
510 517 1
510 585 1
510 608 1
510 639 1
510 841 1
511 943 1
511 991 1
512 526 1
512 619 1
512 726 1
512 770 1
512 794 1
512 928 1
512 997 1
513 610 1
513 761 1
513 807 1
513 942 1
514 931 1
515 586 1
515 634 1
515 990 1
516 517 1
516 732 1
517 701 1
517 750 1
517 903 1
517 926 1
517 934 1
518 522 1
518 688 1
518 704 1
518 944 1
518 965 1
519 663 1
519 675 1
519 730 1
519 763 1
520 737 1
520 775 1
520 891 1
520 954 1
521 570 1
521 750 1
521 752 1
521 986 1
522 678 1
522 793 1
522 826 1
523 745 1
523 780 1
523 781 1
523 975 1
523 993 1
524 777 1
524 786 1
526 599 1
526 675 1
526 723 1
526 805 1
526 822 1
526 850 1
527 531 1
527 604 1
527 781 1
527 782 1
527 876 1
527 908 1
527 941 1
528 536 1
528 589 1
528 640 1
528 761 1
528 853 1
528 859 1
528 864 1
528 869 1
528 971 1
529 543 1
529 580 1
529 617 1
529 690 1
529 701 1
529 708 1
529 948 1
530 564 1
530 697 1
530 799 1
530 812 1
530 968 1
531 558 1
531 578 1
531 793 1
533 542 1
533 626 1
533 828 1
533 958 1
534 576 1
534 693 1
534 873 1
534 904 1
534 942 1
534 948 1
535 957 1
536 679 1
536 697 1
536 702 1
536 767 1
536 916 1
536 960 1
537 658 1
537 748 1
537 751 1
537 796 1
537 871 1
538 571 1
538 727 1
538 957 1
539 566 1
539 586 1
539 660 1
539 926 1
539 928 1
540 582 1
540 659 1
541 863 1
541 952 1
541 978 1
541 992 1
542 729 1
542 767 1
542 824 1
542 842 1
542 912 1
542 965 1
543 585 1
543 591 1
543 715 1
544 653 1
544 706 1
544 895 1
544 926 1
544 948 1
544 952 1
545 553 1
545 574 1
545 647 1
545 865 1
545 892 1
545 904 1
545 974 1
545 980 1
546 562 1
546 988 1
547 562 1
547 629 1
547 862 1
547 867 1
548 578 1
548 580 1
548 624 1
548 736 1
548 751 1
548 758 1
549 743 1
549 855 1
549 856 1
549 897 1
549 944 1
550 615 1
550 709 1
550 732 1
550 907 1
551 575 1
551 724 1
551 823 1
551 835 1
551 925 1
552 564 1
552 628 1
552 771 1
552 787 1
552 844 1
552 850 1
552 887 1
552 939 1
553 631 1
553 771 1
553 880 1
554 630 1
554 752 1
554 771 1
554 821 1
554 897 1
554 903 1
554 954 1
554 994 1
555 642 1
555 706 1
555 732 1
555 900 1
555 913 1
555 927 1
555 959 1
556 566 1
556 584 1
556 605 1
556 700 1
556 843 1
557 569 1
557 596 1
557 602 1
557 786 1
557 998 1
558 626 1
558 636 1
558 646 1
558 886 1
560 603 1
560 668 1
560 731 1
560 867 1
560 910 1
560 981 1
560 984 1
560 988 1
561 581 1
561 607 1
561 643 1
561 938 1
562 591 1
562 627 1
562 635 1
562 674 1
562 864 1
562 979 1
563 590 1
563 674 1
563 677 1
563 732 1
563 753 1
563 851 1
563 974 1
564 649 1
564 846 1
564 893 1
565 583 1
565 789 1
565 878 1
565 981 1
566 653 1
566 707 1
566 755 1
566 869 1
567 824 1
567 912 1
567 929 1
568 802 1
569 593 1
569 613 1
569 668 1
569 716 1
569 812 1
569 843 1
569 926 1
569 965 1
569 968 1
569 973 1
570 662 1
570 703 1
570 708 1
570 996 1
571 661 1
571 688 1
571 736 1
571 742 1
571 896 1
572 624 1
572 883 1
572 985 1
573 632 1
573 636 1
573 675 1
573 724 1
573 737 1
573 870 1
573 908 1
573 948 1
573 952 1
573 984 1
573 995 1
574 596 1
574 670 1
574 678 1
574 789 1
574 936 1
575 591 1
575 897 1
575 922 1
576 958 1
577 613 1
577 639 1
577 784 1
577 975 1
578 589 1
578 680 1
578 878 1
578 926 1
579 773 1
579 952 1
580 729 1
580 821 1
580 826 1
580 943 1
580 950 1
581 695 1
581 810 1
582 817 1
582 826 1
582 861 1
582 865 1
582 914 1
583 695 1
583 698 1
583 744 1
583 761 1
583 942 1
583 977 1
584 678 1
584 689 1
584 876 1
584 906 1
584 926 1
584 930 1
584 953 1
584 964 1
584 965 1
585 699 1
585 700 1
585 857 1
585 902 1
585 999 1
586 695 1
586 719 1
586 854 1
587 625 1
587 640 1
587 734 1
587 884 1
588 666 1
588 835 1
588 871 1
588 906 1
589 704 1
589 757 1
589 831 1
590 601 1
590 726 1
590 799 1
590 853 1
591 708 1
591 806 1
591 813 1
591 896 1
591 970 1
592 963 1
592 990 1
593 913 1
593 975 1
594 608 1
594 674 1
594 688 1
594 709 1
594 809 1
594 833 1
594 953 1
595 602 1
595 734 1
595 913 1
596 624 1
596 658 1
596 660 1
596 688 1
596 814 1
596 873 1
596 884 1
597 914 1
598 635 1
598 717 1
598 814 1
598 903 1
599 691 1
599 717 1
599 887 1
599 953 1
599 968 1
600 853 1
600 906 1
600 944 1
600 988 1
601 656 1
601 663 1
601 677 1
601 798 1
601 918 1
602 709 1
602 813 1
602 971 1
603 622 1
603 700 1
603 916 1
604 627 1
604 646 1
604 718 1
604 725 1
604 877 1
605 765 1
606 658 1
606 661 1
606 905 1
606 998 1
607 608 1
607 687 1
607 722 1
607 769 1
607 847 1
608 611 1
608 860 1
608 965 1
608 973 1
609 699 1
609 702 1
609 788 1
609 834 1
609 936 1
609 939 1
609 942 1
610 629 1
610 663 1
610 797 1
610 846 1
610 946 1
611 635 1
611 744 1
611 787 1
611 869 1
612 614 1
612 690 1
612 727 1
612 831 1
612 872 1
612 878 1
613 817 1
614 662 1
614 813 1
614 861 1
614 883 1
614 925 1
614 944 1
615 943 1
616 696 1
616 903 1
616 918 1
616 945 1
617 892 1
617 943 1
617 974 1
618 747 1
618 754 1
618 821 1
618 924 1
618 976 1
619 685 1
619 744 1
619 882 1
620 949 1
620 950 1
621 651 1
621 723 1
621 750 1
622 651 1
622 874 1
623 680 1
623 703 1
623 784 1
623 802 1
623 896 1
623 950 1
624 877 1
624 964 1
625 645 1
625 693 1
625 718 1
625 853 1
625 934 1
625 950 1
625 967 1
625 978 1
626 848 1
626 961 1
627 688 1
627 808 1
627 829 1
627 919 1
628 679 1
628 727 1
628 837 1
628 944 1
629 657 1
629 690 1
629 843 1
629 902 1
630 728 1
630 741 1
630 766 1
630 827 1
630 907 1
630 928 1
631 665 1
631 896 1
631 938 1
632 772 1
632 775 1
632 838 1
632 898 1
632 984 1
633 864 1
633 981 1
634 683 1
634 742 1
634 803 1
635 689 1
635 767 1
635 906 1
635 943 1
636 729 1
636 742 1
636 897 1
637 699 1
637 794 1
638 674 1
638 692 1
638 755 1
638 800 1
638 837 1
638 838 1
638 859 1
638 924 1
638 925 1
639 800 1
639 963 1
639 982 1
639 989 1
640 791 1
641 724 1
642 696 1
642 873 1
642 909 1
642 964 1
643 661 1
643 707 1
643 734 1
643 819 1
643 862 1
643 888 1
643 959 1
644 733 1
644 809 1
644 861 1
644 990 1
645 683 1
645 713 1
645 748 1
645 779 1
646 657 1
646 787 1
646 954 1
647 787 1
647 843 1
649 666 1
649 792 1
649 929 1
650 703 1
650 716 1
650 766 1
650 928 1
650 966 1
652 655 1
652 686 1
652 752 1
652 857 1
652 872 1
652 873 1
653 702 1
653 843 1
653 889 1
653 892 1
654 694 1
654 774 1
654 861 1
654 914 1
655 753 1
655 760 1
655 821 1
655 826 1
655 955 1
655 966 1
655 999 1
656 724 1
656 737 1
656 838 1
657 948 1
658 801 1
658 875 1
658 955 1
659 704 1
659 744 1
659 758 1
659 818 1
661 746 1
661 781 1
661 835 1
661 853 1
661 975 1
662 801 1
663 689 1
663 836 1
664 700 1
664 943 1
666 741 1
666 956 1
667 842 1
668 731 1
668 804 1
668 904 1
669 694 1
669 809 1
669 847 1
669 858 1
670 918 1
670 950 1
670 966 1
671 695 1
671 823 1
671 905 1
672 740 1
672 754 1
672 994 1
673 745 1
673 839 1
673 856 1
673 989 1
673 995 1
674 816 1
674 942 1
675 771 1
675 850 1
675 985 1
677 714 1
677 984 1
678 987 1
679 801 1
679 828 1
680 689 1
680 898 1
680 990 1
681 720 1
681 740 1
681 868 1
681 973 1
682 695 1
682 817 1
682 860 1
682 943 1
683 685 1
683 723 1
683 741 1
683 869 1
683 873 1
683 931 1
683 980 1
684 745 1
684 749 1
684 752 1
684 993 1
685 751 1
685 753 1
685 869 1
685 924 1
685 987 1
685 995 1
686 697 1
686 767 1
686 794 1
686 796 1
686 871 1
686 912 1
686 974 1
687 701 1
687 764 1
687 815 1
687 824 1
687 891 1
687 916 1
687 932 1
687 945 1
688 690 1
688 787 1
688 887 1
689 741 1
689 843 1
690 817 1
691 813 1
691 907 1
691 922 1
692 748 1
692 901 1
692 916 1
693 942 1
694 711 1
694 808 1
694 901 1
695 745 1
695 854 1
696 759 1
696 767 1
696 999 1
697 721 1
697 811 1
697 935 1
697 987 1
698 724 1
698 829 1
698 968 1
699 756 1
699 791 1
699 792 1
699 937 1
699 946 1
700 891 1
702 719 1
702 836 1
702 863 1
702 923 1
703 709 1
703 861 1
704 775 1
704 806 1
704 857 1
706 715 1
706 748 1
707 772 1
707 889 1
707 945 1
708 742 1
708 854 1
708 947 1
708 987 1
709 872 1
709 882 1
709 911 1
709 928 1
709 979 1
711 955 1
711 957 1
712 779 1
712 824 1
712 961 1
713 782 1
713 806 1
713 931 1
713 950 1
714 816 1
714 878 1
714 894 1
714 908 1
715 726 1
715 862 1
716 877 1
716 960 1
717 888 1
717 943 1
717 947 1
719 725 1
719 853 1
720 866 1
721 783 1
721 853 1
721 880 1
721 886 1
722 750 1
722 888 1
722 899 1
722 995 1
724 810 1
724 880 1
724 926 1
724 955 1
725 739 1
725 810 1
726 752 1
726 800 1
726 947 1
727 798 1
727 966 1
728 872 1
729 735 1
729 914 1
729 983 1
730 743 1
730 783 1
731 868 1
732 735 1
732 847 1
732 854 1
732 933 1
732 936 1
732 937 1
732 952 1
733 855 1
733 926 1
734 832 1
734 838 1
734 975 1
735 974 1
736 921 1
737 868 1
737 884 1
737 900 1
738 887 1
738 899 1
739 918 1
740 785 1
741 780 1
741 803 1
741 869 1
741 899 1
741 953 1
742 917 1
742 963 1
742 980 1
743 744 1
743 775 1
743 841 1
743 930 1
743 988 1
743 997 1
744 773 1
744 908 1
744 945 1
744 946 1
744 953 1
744 971 1
746 751 1
747 796 1
747 848 1
747 867 1
747 964 1
748 774 1
748 870 1
749 856 1
749 904 1
749 926 1
749 932 1
750 819 1
750 838 1
750 955 1
751 794 1
751 882 1
751 886 1
751 896 1
751 902 1
752 769 1
752 888 1
752 938 1
753 829 1
753 911 1
754 917 1
755 806 1
755 922 1
755 952 1
756 985 1
756 987 1
757 829 1
757 836 1
757 896 1
757 978 1
757 996 1
758 833 1
758 847 1
758 925 1
759 793 1
759 813 1
759 824 1
760 765 1
760 844 1
760 849 1
760 949 1
761 899 1
762 825 1
762 843 1
762 958 1
764 812 1
766 833 1
766 835 1
767 771 1
767 837 1
768 769 1
768 891 1
768 935 1
769 937 1
769 967 1
770 861 1
770 923 1
771 807 1
771 864 1
772 870 1
772 893 1
773 882 1
773 927 1
773 935 1
774 787 1
774 806 1
774 816 1
774 873 1
774 942 1
776 891 1
776 910 1
776 994 1
777 918 1
777 966 1
777 995 1
778 836 1
778 851 1
779 905 1
780 799 1
780 827 1
780 840 1
781 945 1
781 988 1
781 989 1
782 865 1
782 966 1
782 970 1
783 862 1
783 956 1
783 966 1
784 818 1
784 885 1
785 790 1
785 791 1
785 832 1
786 812 1
786 961 1
786 965 1
786 975 1
787 890 1
787 962 1
788 941 1
788 965 1
789 809 1
790 887 1
790 939 1
791 848 1
791 874 1
791 907 1
791 917 1
792 816 1
792 934 1
792 992 1
793 923 1
794 919 1
794 980 1
795 911 1
795 926 1
796 823 1
796 880 1
797 799 1
797 893 1
797 911 1
798 949 1
799 841 1
799 916 1
800 809 1
800 964 1
801 803 1
801 937 1
802 846 1
802 880 1
803 815 1
803 938 1
803 986 1
803 988 1
804 824 1
805 869 1
805 923 1
806 811 1
806 858 1
806 874 1
806 932 1
806 994 1
807 813 1
807 866 1
807 909 1
808 891 1
809 810 1
809 902 1
810 812 1
811 824 1
811 900 1
811 907 1
811 924 1
811 999 1
812 845 1
812 867 1
812 888 1
812 945 1
812 955 1
814 818 1
814 821 1
814 836 1
814 854 1
814 951 1
814 959 1
814 961 1
815 846 1
815 875 1
815 940 1
815 979 1
816 829 1
816 862 1
816 924 1
817 925 1
817 949 1
817 991 1
821 972 1
822 867 1
822 888 1
822 893 1
822 908 1
822 931 1
823 886 1
823 896 1
823 935 1
825 828 1
826 926 1
827 839 1
827 905 1
828 843 1
828 847 1
828 936 1
828 974 1
830 867 1
830 928 1
830 970 1
832 874 1
833 937 1
833 965 1
834 838 1
835 869 1
835 889 1
836 862 1
836 961 1
837 851 1
837 874 1
837 891 1
838 943 1
840 859 1
840 893 1
840 935 1
840 944 1
841 878 1
842 925 1
843 870 1
843 994 1
844 858 1
844 904 1
846 856 1
846 872 1
847 897 1
848 895 1
848 974 1
848 997 1
850 869 1
850 878 1
851 856 1
852 910 1
852 985 1
853 855 1
854 883 1
854 884 1
854 951 1
855 910 1
856 943 1
857 867 1
858 924 1
861 945 1
863 920 1
863 948 1
864 908 1
865 868 1
865 932 1
866 999 1
868 891 1
869 896 1
869 994 1
870 875 1
870 910 1
870 925 1
870 976 1
871 891 1
871 892 1
871 934 1
872 950 1
873 913 1
873 947 1
873 996 1
874 893 1
874 954 1
876 921 1
876 939 1
876 989 1
879 931 1
880 969 1
881 965 1
881 987 1
882 997 1
883 960 1
883 994 1
883 995 1
885 895 1
886 887 1
887 894 1
887 902 1
889 897 1
890 964 1
890 994 1
891 897 1
891 939 1
893 916 1
893 976 1
895 911 1
896 913 1
896 928 1
897 933 1
898 938 1
898 981 1
899 967 1
901 906 1
901 917 1
901 978 1
903 949 1
905 930 1
905 952 1
906 955 1
906 989 1
908 974 1
909 936 1
910 998 1
911 934 1
912 926 1
913 973 1
914 983 1
915 942 1
916 932 1
916 938 1
916 991 1
922 930 1
924 947 1
925 936 1
925 967 1
926 929 1
927 930 1
928 943 1
929 943 1
929 945 1
930 962 1
933 954 1
934 960 1
937 959 1
940 970 1
943 947 1
944 947 1
945 989 1
946 968 1
946 978 1
947 999 1
948 955 1
951 971 1
957 996 1
959 989 1
960 991 1
964 988 1
964 997 1
979 983 1
982 990 1
983 995 1
987 988 1
