1000 5000
0 9 1
0 14 1
0 75 1
0 200 1
0 616 1
0 629 1
0 806 1
0 858 1
0 937 1
0 963 1
1 117 1
1 227 1
1 358 1
1 402 1
1 467 1
1 495 1
1 524 1
1 691 1
1 890 1
1 928 1
2 74 1
2 186 1
2 257 1
2 288 1
2 309 1
2 389 1
2 401 1
2 518 1
2 730 1
2 774 1
2 850 1
3 133 1
3 173 1
3 336 1
3 362 1
3 391 1
3 477 1
3 583 1
4 248 1
4 367 1
4 394 1
4 456 1
4 871 1
4 946 1
5 194 1
5 364 1
5 447 1
5 586 1
5 691 1
5 788 1
5 800 1
6 94 1
6 131 1
6 151 1
6 221 1
6 232 1
6 355 1
6 561 1
6 691 1
6 714 1
6 759 1
6 798 1
7 160 1
7 346 1
7 516 1
7 552 1
7 696 1
8 37 1
8 132 1
8 354 1
8 427 1
8 508 1
8 561 1
8 666 1
8 706 1
8 771 1
9 56 1
9 91 1
9 128 1
9 146 1
9 217 1
9 423 1
9 444 1
9 648 1
9 658 1
9 767 1
9 939 1
10 461 1
10 480 1
10 595 1
10 757 1
10 800 1
10 968 1
10 977 1
11 141 1
11 458 1
11 654 1
11 801 1
11 815 1
11 879 1
11 941 1
11 994 1
12 18 1
12 25 1
12 172 1
12 229 1
12 276 1
12 560 1
12 605 1
12 725 1
12 768 1
12 913 1
13 83 1
13 320 1
13 355 1
13 378 1
13 413 1
13 419 1
13 752 1
13 777 1
13 831 1
13 850 1
13 871 1
14 207 1
14 255 1
14 322 1
14 440 1
14 480 1
14 483 1
14 547 1
14 701 1
14 861 1
14 880 1
14 956 1
15 202 1
15 454 1
15 470 1
15 503 1
15 611 1
15 634 1
15 785 1
15 981 1
16 221 1
16 310 1
16 404 1
16 650 1
16 827 1
17 127 1
17 149 1
17 234 1
17 268 1
17 351 1
17 352 1
17 390 1
17 429 1
17 458 1
17 570 1
17 597 1
17 825 1
17 831 1
17 872 1
17 917 1
17 956 1
17 995 1
18 139 1
18 184 1
18 261 1
18 287 1
18 320 1
18 341 1
18 391 1
18 458 1
19 292 1
19 722 1
19 853 1
20 390 1
20 397 1
20 456 1
20 650 1
20 834 1
21 282 1
21 349 1
21 375 1
21 500 1
21 524 1
21 597 1
21 612 1
21 649 1
21 693 1
21 695 1
21 743 1
21 766 1
21 838 1
21 931 1
22 210 1
22 295 1
22 374 1
22 729 1
22 741 1
22 934 1
23 100 1
23 154 1
23 168 1
23 269 1
23 558 1
23 572 1
23 586 1
23 806 1
24 68 1
24 266 1
24 336 1
24 337 1
24 505 1
24 767 1
24 786 1
24 887 1
25 37 1
25 410 1
25 428 1
25 445 1
25 446 1
25 484 1
25 536 1
25 626 1
25 713 1
25 715 1
25 820 1
25 857 1
25 871 1
25 878 1
26 192 1
26 341 1
26 375 1
26 470 1
26 517 1
26 817 1
27 90 1
27 147 1
27 261 1
27 672 1
27 689 1
27 869 1
28 112 1
28 165 1
28 213 1
28 219 1
28 241 1
28 315 1
28 332 1
28 433 1
28 437 1
28 702 1
28 865 1
28 914 1
29 71 1
29 142 1
29 156 1
29 258 1
29 302 1
29 358 1
29 652 1
29 696 1
29 699 1
29 700 1
29 780 1
29 869 1
30 184 1
30 293 1
30 313 1
30 557 1
30 613 1
30 684 1
30 703 1
30 715 1
30 768 1
30 872 1
30 940 1
31 222 1
31 247 1
31 274 1
31 295 1
31 312 1
31 379 1
31 908 1
32 62 1
32 77 1
32 86 1
32 103 1
32 222 1
32 280 1
32 292 1
32 417 1
32 539 1
32 730 1
32 753 1
32 757 1
32 914 1
33 181 1
33 183 1
33 266 1
33 269 1
33 317 1
33 382 1
33 483 1
33 527 1
33 633 1
33 691 1
33 820 1
33 862 1
33 926 1
33 963 1
34 112 1
34 269 1
34 294 1
34 608 1
34 673 1
34 822 1
34 895 1
34 926 1
35 124 1
35 178 1
35 308 1
35 437 1
35 672 1
35 837 1
36 206 1
36 257 1
36 264 1
36 328 1
36 501 1
36 568 1
36 569 1
36 701 1
36 767 1
36 787 1
36 824 1
37 212 1
37 282 1
37 392 1
37 531 1
37 604 1
37 702 1
37 748 1
38 70 1
38 90 1
38 151 1
38 341 1
38 343 1
38 405 1
38 462 1
38 472 1
38 519 1
38 557 1
38 577 1
38 615 1
38 788 1
38 801 1
39 170 1
39 193 1
39 387 1
39 404 1
39 793 1
39 903 1
39 913 1
40 296 1
40 297 1
40 327 1
40 424 1
40 556 1
40 673 1
40 719 1
40 782 1
40 895 1
40 945 1
41 134 1
41 360 1
41 716 1
41 718 1
41 979 1
42 141 1
42 180 1
42 479 1
42 678 1
43 124 1
43 222 1
43 295 1
43 422 1
43 763 1
43 886 1
43 901 1
43 954 1
44 87 1
44 427 1
44 518 1
44 757 1
44 801 1
44 829 1
44 911 1
44 954 1
45 80 1
45 184 1
45 389 1
45 618 1
45 705 1
45 815 1
46 93 1
46 129 1
46 357 1
46 442 1
46 523 1
46 853 1
46 919 1
47 234 1
47 360 1
47 638 1
47 643 1
47 683 1
47 765 1
47 917 1
47 975 1
48 167 1
48 209 1
48 223 1
48 366 1
48 666 1
48 693 1
48 696 1
48 793 1
48 861 1
48 914 1
48 991 1
49 94 1
49 218 1
49 384 1
49 391 1
49 482 1
49 757 1
49 952 1
49 980 1
50 227 1
50 414 1
50 439 1
50 562 1
50 620 1
50 690 1
50 725 1
50 754 1
50 755 1
50 824 1
51 169 1
51 211 1
51 255 1
51 342 1
51 493 1
51 570 1
51 618 1
51 967 1
51 989 1
52 63 1
52 233 1
52 311 1
52 487 1
52 781 1
52 860 1
52 937 1
53 172 1
53 216 1
53 227 1
53 231 1
53 502 1
53 633 1
53 817 1
53 980 1
54 177 1
54 181 1
54 214 1
54 223 1
54 231 1
54 245 1
54 288 1
54 292 1
54 309 1
54 425 1
54 574 1
54 641 1
54 889 1
55 138 1
55 360 1
55 617 1
55 722 1
55 994 1
56 392 1
56 752 1
56 762 1
56 814 1
56 836 1
56 981 1
57 114 1
57 120 1
57 322 1
57 406 1
57 649 1
57 726 1
57 818 1
57 820 1
57 829 1
58 168 1
58 283 1
58 351 1
58 541 1
58 598 1
58 761 1
58 904 1
58 971 1
59 358 1
59 403 1
59 468 1
59 508 1
59 790 1
59 992 1
60 564 1
60 688 1
60 748 1
60 911 1
60 920 1
60 954 1
61 90 1
61 132 1
61 153 1
61 215 1
61 486 1
61 617 1
61 712 1
61 885 1
61 998 1
62 398 1
62 466 1
62 490 1
62 576 1
62 742 1
62 759 1
62 940 1
63 112 1
63 288 1
63 331 1
63 495 1
63 532 1
63 566 1
63 785 1
63 896 1
64 179 1
64 237 1
64 381 1
64 791 1
64 849 1
65 194 1
65 354 1
65 385 1
65 403 1
65 406 1
65 464 1
65 493 1
65 498 1
65 521 1
65 602 1
65 718 1
65 721 1
65 776 1
65 780 1
65 830 1
66 254 1
66 409 1
66 483 1
66 573 1
66 625 1
66 792 1
66 832 1
66 957 1
66 965 1
67 103 1
67 155 1
67 239 1
67 265 1
67 266 1
67 467 1
67 507 1
67 656 1
67 831 1
67 921 1
67 970 1
68 104 1
68 159 1
68 209 1
68 415 1
68 482 1
68 494 1
68 563 1
68 564 1
68 923 1
69 144 1
69 189 1
69 262 1
69 269 1
69 324 1
69 634 1
69 732 1
69 797 1
69 835 1
69 992 1
70 247 1
70 335 1
70 540 1
70 636 1
70 682 1
70 704 1
70 742 1
70 822 1
70 929 1
71 143 1
71 185 1
71 465 1
71 565 1
71 572 1
71 578 1
71 783 1
71 847 1
71 881 1
71 979 1
72 188 1
72 263 1
72 327 1
72 382 1
72 460 1
72 483 1
72 629 1
72 681 1
72 820 1
72 893 1
72 980 1
72 992 1
73 139 1
73 284 1
73 528 1
73 541 1
73 545 1
73 676 1
73 707 1
73 770 1
73 894 1
73 918 1
74 441 1
74 446 1
74 454 1
74 576 1
74 856 1
75 220 1
75 263 1
75 423 1
75 481 1
75 520 1
75 595 1
75 832 1
75 913 1
75 927 1
76 93 1
76 119 1
76 463 1
76 531 1
76 556 1
76 740 1
76 778 1
76 814 1
76 847 1
77 204 1
77 321 1
77 323 1
77 424 1
77 436 1
77 472 1
77 489 1
77 591 1
77 595 1
77 611 1
77 619 1
77 659 1
77 726 1
77 843 1
78 103 1
78 135 1
78 150 1
78 183 1
78 203 1
78 215 1
78 285 1
78 411 1
78 556 1
78 678 1
78 731 1
78 852 1
78 959 1
79 299 1
79 310 1
79 324 1
79 381 1
79 401 1
79 582 1
79 626 1
79 684 1
79 799 1
80 81 1
80 201 1
80 554 1
80 622 1
80 682 1
80 881 1
80 928 1
81 136 1
81 291 1
81 439 1
81 489 1
81 539 1
81 630 1
81 643 1
81 758 1
81 835 1
81 857 1
81 870 1
81 889 1
82 130 1
82 328 1
82 362 1
82 363 1
82 382 1
82 501 1
82 506 1
82 528 1
82 611 1
82 695 1
82 774 1
82 872 1
82 904 1
82 916 1
83 111 1
83 116 1
83 199 1
83 375 1
83 453 1
83 642 1
83 745 1
83 769 1
84 506 1
84 860 1
84 914 1
85 182 1
85 205 1
85 211 1
85 482 1
85 544 1
85 671 1
85 676 1
86 98 1
86 103 1
86 144 1
86 183 1
86 193 1
86 329 1
86 419 1
86 423 1
86 427 1
86 505 1
86 805 1
86 966 1
86 968 1
86 971 1
87 100 1
87 224 1
87 329 1
87 392 1
87 430 1
87 764 1
87 879 1
87 905 1
87 996 1
87 999 1
88 134 1
88 264 1
88 337 1
88 536 1
88 682 1
88 772 1
88 948 1
88 987 1
89 171 1
89 219 1
89 224 1
89 300 1
89 303 1
89 384 1
89 437 1
89 637 1
89 767 1
90 643 1
90 754 1
90 820 1
90 960 1
90 976 1
90 999 1
91 340 1
91 565 1
91 777 1
91 814 1
92 149 1
92 200 1
92 220 1
92 300 1
92 516 1
92 578 1
92 849 1
92 884 1
93 113 1
93 128 1
93 186 1
93 230 1
93 267 1
93 382 1
93 443 1
93 450 1
93 451 1
93 491 1
93 577 1
93 658 1
93 689 1
93 721 1
93 937 1
94 353 1
94 429 1
94 618 1
94 679 1
94 795 1
94 807 1
94 899 1
94 971 1
95 168 1
95 178 1
95 293 1
95 322 1
95 347 1
95 469 1
95 484 1
95 650 1
95 680 1
95 733 1
95 829 1
96 264 1
96 282 1
96 454 1
96 508 1
96 654 1
96 702 1
96 712 1
96 821 1
96 950 1
96 987 1
97 313 1
97 410 1
97 430 1
97 445 1
97 462 1
97 530 1
97 535 1
97 539 1
97 632 1
97 758 1
97 763 1
97 812 1
97 826 1
97 898 1
98 127 1
98 238 1
98 257 1
98 341 1
98 420 1
98 545 1
98 636 1
98 639 1
98 770 1
98 879 1
99 103 1
99 300 1
99 319 1
99 541 1
99 545 1
99 861 1
99 872 1
100 312 1
100 385 1
100 419 1
100 534 1
100 799 1
100 809 1
100 943 1
100 991 1
101 196 1
101 221 1
101 247 1
101 272 1
101 326 1
101 450 1
101 469 1
101 670 1
101 678 1
101 837 1
101 945 1
101 955 1
102 136 1
102 184 1
102 235 1
102 398 1
102 433 1
102 449 1
102 498 1
102 593 1
102 597 1
102 737 1
102 833 1
102 967 1
102 978 1
103 210 1
103 233 1
103 335 1
103 487 1
103 539 1
103 551 1
103 676 1
103 705 1
104 160 1
104 293 1
104 334 1
104 335 1
104 373 1
104 477 1
104 507 1
104 519 1
104 529 1
104 545 1
104 644 1
104 709 1
104 882 1
104 956 1
105 127 1
105 265 1
105 343 1
105 348 1
105 389 1
105 427 1
105 451 1
105 464 1
105 511 1
105 582 1
105 761 1
105 778 1
105 808 1
105 828 1
105 896 1
105 925 1
106 128 1
106 146 1
106 194 1
106 324 1
106 513 1
106 642 1
106 678 1
106 694 1
106 804 1
106 854 1
106 974 1
107 152 1
107 172 1
107 197 1
107 416 1
107 537 1
107 589 1
107 832 1
108 137 1
108 531 1
108 570 1
108 606 1
108 643 1
108 710 1
108 775 1
108 799 1
108 988 1
109 151 1
109 221 1
109 260 1
109 294 1
109 380 1
109 484 1
109 574 1
109 583 1
109 648 1
109 719 1
109 856 1
109 936 1
110 129 1
110 316 1
110 530 1
110 580 1
110 587 1
110 755 1
110 785 1
110 886 1
110 917 1
111 197 1
111 290 1
111 362 1
111 444 1
111 531 1
111 678 1
111 756 1
111 785 1
112 132 1
112 184 1
112 265 1
112 370 1
112 475 1
112 491 1
112 504 1
112 513 1
112 591 1
112 716 1
112 722 1
112 796 1
112 897 1
112 908 1
112 940 1
113 118 1
113 143 1
113 155 1
113 164 1
113 219 1
113 465 1
113 667 1
113 714 1
113 715 1
113 984 1
114 335 1
114 385 1
114 535 1
114 552 1
114 703 1
114 706 1
114 740 1
114 780 1
114 863 1
114 887 1
114 935 1
114 986 1
114 994 1
115 328 1
115 519 1
115 596 1
115 694 1
115 748 1
115 907 1
116 122 1
116 158 1
116 211 1
116 357 1
116 358 1
116 449 1
116 522 1
116 547 1
116 729 1
116 767 1
116 958 1
116 960 1
116 995 1
117 303 1
117 306 1
117 352 1
117 574 1
117 797 1
117 802 1
117 809 1
118 141 1
118 194 1
118 222 1
118 278 1
118 531 1
118 625 1
118 712 1
118 907 1
118 991 1
119 191 1
119 361 1
119 393 1
119 627 1
119 851 1
119 888 1
119 914 1
119 934 1
120 356 1
120 562 1
120 567 1
120 673 1
120 725 1
120 776 1
121 178 1
121 179 1
121 195 1
121 278 1
121 409 1
122 429 1
122 477 1
122 593 1
122 683 1
122 777 1
122 854 1
122 955 1
123 136 1
123 248 1
123 283 1
123 575 1
123 655 1
123 673 1
123 677 1
123 718 1
123 731 1
123 753 1
123 803 1
123 866 1
124 141 1
124 198 1
124 241 1
124 445 1
124 464 1
124 525 1
124 751 1
124 947 1
125 241 1
125 290 1
125 443 1
125 447 1
125 499 1
125 564 1
125 688 1
125 780 1
125 785 1
125 807 1
125 892 1
125 922 1
126 150 1
126 333 1
126 450 1
126 504 1
126 508 1
126 782 1
127 204 1
127 219 1
127 279 1
127 328 1
127 629 1
128 221 1
128 265 1
128 275 1
128 447 1
128 632 1
128 660 1
129 130 1
129 238 1
129 245 1
129 259 1
129 392 1
129 699 1
129 732 1
129 780 1
129 793 1
129 825 1
130 201 1
130 249 1
130 507 1
130 594 1
130 623 1
130 681 1
130 797 1
131 149 1
131 163 1
131 207 1
131 227 1
131 283 1
131 780 1
131 934 1
131 971 1
131 997 1
132 266 1
132 699 1
132 838 1
132 840 1
132 912 1
133 206 1
133 233 1
133 234 1
133 286 1
133 336 1
133 389 1
133 444 1
133 633 1
133 785 1
133 869 1
133 878 1
134 168 1
134 387 1
134 444 1
134 773 1
134 816 1
134 969 1
134 983 1
135 385 1
135 444 1
135 494 1
135 584 1
135 607 1
135 621 1
135 642 1
135 722 1
135 774 1
135 942 1
136 152 1
136 420 1
136 446 1
136 555 1
136 780 1
136 888 1
136 906 1
137 143 1
137 288 1
137 367 1
137 545 1
137 564 1
137 617 1
137 687 1
137 719 1
137 742 1
138 199 1
138 215 1
138 406 1
138 463 1
138 477 1
138 496 1
138 512 1
138 561 1
138 638 1
138 655 1
138 753 1
138 758 1
138 768 1
138 777 1
138 780 1
138 926 1
139 254 1
139 362 1
139 380 1
139 421 1
139 612 1
139 720 1
139 728 1
139 769 1
139 881 1
139 928 1
140 233 1
140 309 1
140 353 1
140 406 1
140 535 1
140 728 1
140 749 1
140 761 1
140 802 1
140 823 1
140 879 1
140 907 1
141 180 1
141 504 1
141 513 1
141 518 1
141 584 1
141 587 1
141 663 1
141 702 1
141 714 1
141 750 1
142 563 1
142 573 1
142 729 1
142 818 1
142 945 1
142 957 1
143 251 1
143 387 1
143 446 1
143 455 1
143 520 1
143 747 1
143 781 1
143 799 1
143 809 1
143 868 1
143 932 1
143 979 1
144 275 1
144 316 1
144 364 1
144 489 1
144 664 1
144 677 1
144 712 1
144 749 1
144 755 1
144 864 1
144 880 1
144 945 1
144 985 1
145 194 1
145 261 1
145 274 1
145 339 1
145 482 1
145 740 1
145 800 1
145 880 1
145 897 1
146 304 1
146 380 1
146 396 1
146 435 1
146 600 1
146 717 1
146 775 1
146 844 1
147 453 1
147 501 1
147 530 1
147 664 1
148 180 1
148 417 1
148 471 1
148 495 1
148 514 1
148 876 1
148 932 1
149 156 1
149 195 1
149 210 1
149 297 1
149 302 1
149 409 1
149 472 1
149 485 1
149 537 1
149 660 1
149 710 1
149 854 1
149 867 1
150 179 1
150 193 1
150 218 1
150 226 1
150 281 1
150 505 1
150 531 1
150 541 1
150 558 1
150 744 1
150 791 1
150 855 1
151 158 1
151 195 1
151 248 1
151 508 1
151 694 1
151 800 1
151 937 1
152 181 1
152 190 1
152 221 1
152 338 1
152 401 1
152 455 1
152 677 1
152 704 1
152 739 1
152 848 1
152 870 1
153 248 1
153 384 1
153 564 1
153 583 1
153 789 1
153 884 1
153 908 1
154 189 1
154 593 1
154 619 1
154 914 1
154 983 1
155 244 1
155 287 1
155 400 1
155 555 1
155 665 1
155 690 1
155 751 1
155 811 1
155 943 1
156 519 1
156 539 1
156 603 1
156 619 1
156 646 1
156 678 1
156 695 1
156 845 1
156 968 1
156 980 1
156 989 1
157 162 1
157 207 1
157 248 1
157 476 1
157 599 1
157 859 1
158 321 1
158 329 1
158 383 1
158 404 1
158 417 1
158 491 1
158 522 1
158 670 1
158 696 1
158 727 1
158 764 1
158 784 1
159 238 1
159 327 1
159 394 1
159 441 1
159 445 1
159 500 1
159 582 1
159 609 1
159 793 1
159 794 1
160 196 1
160 651 1
160 667 1
160 735 1
160 783 1
160 840 1
160 877 1
161 235 1
161 381 1
161 497 1
161 619 1
161 730 1
161 872 1
161 891 1
162 191 1
162 197 1
162 360 1
162 442 1
162 520 1
162 735 1
162 995 1
163 187 1
163 230 1
163 290 1
163 293 1
163 395 1
163 438 1
163 442 1
163 534 1
163 769 1
163 820 1
163 843 1
164 192 1
164 343 1
164 355 1
164 618 1
164 650 1
164 879 1
164 880 1
164 895 1
164 926 1
164 971 1
164 981 1
165 187 1
165 250 1
165 530 1
165 551 1
165 609 1
165 625 1
165 663 1
165 868 1
165 932 1
166 408 1
166 421 1
166 499 1
166 618 1
166 642 1
166 644 1
166 665 1
166 834 1
166 860 1
166 899 1
166 916 1
166 934 1
167 211 1
167 226 1
167 308 1
167 432 1
167 454 1
167 583 1
167 615 1
167 883 1
168 237 1
168 345 1
168 384 1
168 689 1
168 746 1
168 748 1
168 771 1
168 889 1
168 916 1
169 267 1
169 282 1
169 311 1
169 346 1
169 514 1
169 562 1
169 601 1
169 710 1
169 832 1
169 861 1
169 925 1
170 367 1
170 454 1
170 455 1
170 464 1
170 670 1
170 810 1
170 922 1
170 933 1
171 248 1
171 447 1
171 601 1
171 918 1
172 262 1
172 281 1
172 325 1
172 406 1
172 444 1
172 595 1
172 665 1
172 678 1
172 717 1
172 737 1
172 935 1
173 404 1
173 684 1
173 818 1
173 854 1
173 869 1
173 952 1
174 227 1
174 358 1
174 378 1
174 464 1
174 603 1
174 696 1
174 765 1
175 213 1
175 327 1
175 379 1
175 409 1
175 470 1
175 511 1
175 638 1
175 899 1
175 994 1
176 209 1
176 224 1
176 260 1
176 271 1
176 328 1
176 386 1
176 467 1
176 633 1
176 845 1
176 854 1
176 860 1
177 221 1
177 407 1
177 418 1
177 429 1
177 671 1
177 726 1
178 188 1
178 279 1
178 285 1
178 407 1
178 440 1
178 590 1
178 604 1
178 801 1
178 858 1
178 931 1
179 264 1
179 321 1
179 394 1
179 521 1
179 543 1
179 875 1
180 237 1
180 261 1
180 428 1
180 548 1
180 577 1
180 681 1
180 692 1
180 779 1
180 852 1
180 872 1
181 232 1
181 332 1
181 405 1
181 544 1
181 558 1
181 704 1
182 207 1
182 249 1
182 297 1
182 316 1
182 464 1
182 502 1
182 647 1
182 773 1
183 228 1
183 364 1
183 502 1
183 564 1
183 684 1
183 770 1
183 825 1
183 871 1
183 980 1
184 400 1
184 661 1
184 859 1
185 211 1
185 280 1
185 311 1
185 581 1
185 746 1
186 232 1
186 339 1
186 385 1
186 699 1
186 853 1
186 970 1
187 337 1
187 338 1
187 495 1
187 720 1
187 779 1
187 940 1
188 225 1
188 228 1
188 241 1
188 276 1
188 367 1
188 407 1
188 614 1
188 616 1
188 669 1
188 670 1
188 716 1
188 749 1
188 763 1
189 195 1
189 228 1
189 235 1
189 368 1
189 395 1
189 425 1
189 699 1
189 774 1
189 861 1
189 864 1
189 913 1
189 969 1
190 319 1
190 362 1
190 393 1
190 503 1
191 309 1
191 447 1
191 487 1
191 616 1
191 646 1
191 679 1
191 696 1
191 699 1
191 776 1
191 817 1
191 863 1
192 210 1
192 298 1
192 346 1
192 434 1
192 468 1
192 520 1
192 598 1
192 811 1
192 903 1
192 905 1
192 952 1
193 200 1
193 212 1
193 358 1
193 424 1
193 503 1
193 727 1
193 758 1
193 916 1
193 968 1
193 975 1
194 279 1
194 398 1
194 685 1
194 963 1
194 991 1
194 999 1
195 268 1
195 288 1
195 357 1
195 402 1
195 476 1
195 656 1
195 794 1
195 880 1
195 938 1
196 358 1
196 382 1
196 447 1
196 540 1
196 569 1
196 637 1
196 734 1
196 741 1
196 771 1
196 970 1
196 983 1
197 409 1
197 617 1
197 649 1
197 734 1
197 748 1
197 850 1
197 959 1
197 961 1
198 237 1
198 417 1
198 585 1
198 708 1
198 950 1
199 490 1
199 849 1
199 892 1
200 365 1
200 619 1
200 630 1
200 724 1
200 817 1
200 870 1
200 965 1
200 995 1
201 358 1
201 364 1
201 377 1
201 448 1
201 492 1
201 534 1
201 601 1
201 705 1
201 813 1
202 227 1
202 303 1
202 304 1
202 476 1
202 511 1
202 644 1
202 675 1
202 779 1
202 796 1
202 855 1
202 959 1
203 230 1
203 265 1
203 407 1
203 605 1
203 706 1
204 228 1
204 318 1
204 350 1
204 477 1
204 503 1
204 535 1
204 566 1
204 588 1
204 767 1
204 826 1
204 878 1
204 923 1
204 981 1
205 286 1
205 374 1
205 579 1
205 607 1
205 730 1
205 787 1
205 848 1
206 281 1
206 324 1
206 473 1
206 731 1
206 742 1
207 303 1
207 400 1
207 477 1
207 496 1
207 546 1
207 713 1
207 785 1
207 826 1
207 847 1
207 948 1
208 417 1
208 433 1
208 515 1
208 646 1
208 718 1
208 912 1
209 272 1
209 296 1
209 332 1
209 347 1
209 472 1
209 532 1
209 560 1
209 693 1
209 743 1
209 753 1
209 876 1
209 931 1
210 280 1
210 365 1
210 430 1
210 439 1
210 552 1
210 569 1
210 610 1
210 832 1
211 465 1
211 482 1
211 593 1
211 653 1
211 752 1
211 790 1
211 806 1
211 883 1
211 935 1
212 277 1
212 330 1
212 457 1
212 543 1
212 849 1
212 854 1
212 900 1
212 912 1
212 924 1
212 950 1
213 440 1
213 493 1
213 537 1
213 633 1
213 703 1
213 769 1
213 918 1
213 996 1
214 341 1
214 423 1
214 771 1
215 276 1
215 470 1
215 483 1
215 744 1
215 751 1
215 766 1
215 862 1
216 512 1
216 643 1
216 652 1
216 785 1
216 925 1
217 229 1
217 287 1
217 360 1
217 404 1
217 463 1
217 508 1
217 603 1
217 702 1
217 908 1
217 926 1
218 223 1
218 312 1
218 353 1
218 356 1
218 830 1
219 311 1
219 622 1
219 699 1
219 873 1
219 918 1
220 261 1
220 322 1
220 341 1
220 481 1
220 549 1
220 574 1
220 577 1
221 452 1
221 508 1
221 576 1
221 597 1
222 265 1
222 364 1
222 382 1
222 403 1
222 697 1
222 935 1
223 253 1
223 313 1
223 329 1
223 530 1
223 623 1
223 631 1
223 633 1
223 659 1
223 709 1
223 934 1
223 958 1
223 990 1
224 261 1
224 365 1
224 416 1
224 531 1
224 626 1
224 634 1
224 723 1
224 777 1
224 779 1
224 793 1
224 832 1
224 868 1
225 232 1
225 411 1
225 418 1
225 755 1
225 885 1
226 370 1
226 739 1
226 774 1
226 861 1
227 254 1
227 322 1
227 331 1
227 865 1
227 871 1
227 886 1
228 250 1
228 434 1
228 465 1
228 506 1
228 605 1
228 645 1
228 681 1
228 776 1
228 956 1
228 968 1
229 338 1
229 370 1
229 433 1
229 502 1
229 536 1
229 562 1
229 658 1
229 758 1
229 790 1
229 932 1
229 933 1
229 934 1
230 249 1
230 316 1
230 335 1
230 671 1
230 722 1
230 978 1
231 390 1
231 435 1
231 467 1
231 521 1
231 547 1
231 601 1
231 630 1
231 666 1
231 735 1
231 916 1
231 939 1
232 392 1
232 458 1
232 798 1
233 571 1
233 731 1
233 770 1
233 821 1
233 922 1
233 972 1
234 363 1
234 416 1
234 507 1
234 517 1
234 527 1
234 592 1
234 675 1
234 693 1
234 701 1
234 775 1
234 808 1
234 972 1
234 976 1
235 267 1
235 536 1
235 775 1
235 786 1
235 809 1
235 838 1
236 309 1
236 406 1
236 528 1
236 986 1
237 264 1
237 305 1
237 338 1
238 257 1
238 290 1
238 296 1
238 396 1
238 488 1
238 558 1
238 563 1
238 901 1
239 329 1
239 369 1
239 412 1
239 564 1
239 604 1
239 626 1
239 631 1
240 277 1
240 419 1
240 465 1
240 467 1
240 518 1
240 521 1
240 557 1
240 655 1
240 696 1
240 785 1
240 881 1
240 940 1
241 605 1
241 972 1
242 382 1
242 426 1
242 445 1
242 507 1
242 554 1
242 578 1
242 680 1
242 718 1
242 812 1
242 892 1
242 894 1
242 957 1
242 985 1
243 311 1
243 340 1
243 519 1
243 671 1
243 705 1
243 720 1
243 778 1
243 786 1
243 790 1
243 841 1
243 882 1
244 260 1
244 331 1
244 567 1
244 737 1
244 788 1
244 803 1
244 809 1
244 922 1
244 928 1
245 251 1
245 271 1
245 283 1
245 402 1
245 618 1
245 685 1
245 786 1
245 879 1
245 903 1
246 250 1
246 581 1
246 595 1
246 618 1
246 633 1
246 767 1
246 821 1
247 259 1
247 276 1
247 317 1
247 620 1
247 785 1
247 999 1
248 369 1
248 510 1
248 721 1
248 771 1
248 846 1
248 858 1
249 333 1
249 441 1
249 620 1
249 722 1
249 824 1
250 345 1
250 433 1
250 600 1
250 647 1
250 655 1
250 690 1
250 775 1
250 862 1
251 297 1
251 329 1
251 340 1
251 367 1
251 598 1
251 601 1
251 619 1
251 639 1
251 645 1
251 837 1
251 851 1
251 976 1
252 450 1
252 453 1
252 473 1
252 682 1
252 915 1
253 257 1
253 412 1
253 495 1
253 593 1
253 714 1
253 876 1
254 329 1
254 440 1
254 520 1
254 566 1
254 604 1
254 614 1
254 692 1
254 754 1
254 768 1
254 773 1
254 858 1
254 919 1
255 348 1
255 594 1
255 664 1
255 687 1
255 731 1
255 786 1
255 821 1
255 922 1
255 988 1
255 989 1
256 303 1
256 555 1
256 556 1
256 583 1
256 654 1
256 844 1
256 962 1
256 980 1
257 263 1
257 272 1
257 356 1
257 403 1
257 429 1
257 715 1
257 772 1
257 951 1
257 992 1
258 285 1
258 398 1
258 587 1
258 742 1
258 909 1
258 942 1
259 404 1
259 526 1
259 638 1
259 697 1
259 881 1
259 886 1
260 296 1
260 348 1
260 374 1
260 421 1
260 471 1
260 519 1
260 529 1
260 638 1
260 675 1
260 999 1
261 297 1
261 334 1
261 388 1
261 435 1
261 527 1
261 865 1
261 902 1
261 930 1
261 935 1
261 977 1
262 377 1
262 519 1
262 864 1
262 911 1
262 927 1
262 939 1
262 997 1
263 306 1
263 433 1
263 442 1
263 574 1
263 576 1
263 598 1
263 718 1
263 730 1
263 741 1
263 776 1
263 798 1
263 824 1
263 848 1
263 925 1
264 474 1
264 493 1
264 512 1
264 536 1
264 665 1
264 679 1
264 826 1
264 858 1
265 415 1
265 464 1
265 760 1
266 307 1
266 471 1
266 577 1
266 667 1
266 769 1
266 787 1
266 799 1
266 831 1
266 895 1
267 378 1
267 415 1
267 849 1
267 924 1
267 951 1
267 956 1
268 283 1
268 506 1
268 808 1
268 904 1
269 280 1
269 300 1
269 364 1
269 371 1
269 938 1
269 958 1
270 407 1
270 508 1
270 654 1
270 937 1
271 401 1
271 430 1
271 473 1
271 516 1
271 622 1
271 628 1
271 653 1
271 872 1
271 957 1
271 989 1
272 351 1
272 434 1
272 491 1
272 600 1
272 615 1
272 702 1
272 773 1
272 857 1
272 888 1
273 509 1
273 615 1
273 766 1
273 839 1
273 888 1
273 902 1
273 903 1
273 962 1
274 802 1
274 946 1
274 994 1
275 340 1
275 459 1
275 463 1
275 492 1
275 594 1
275 776 1
275 785 1
275 899 1
275 921 1
275 996 1
276 331 1
276 589 1
276 805 1
276 809 1
276 883 1
276 896 1
276 968 1
276 993 1
277 298 1
277 338 1
277 358 1
277 598 1
277 641 1
277 797 1
277 856 1
277 901 1
278 286 1
278 334 1
278 414 1
278 478 1
278 516 1
278 702 1
278 884 1
279 375 1
279 422 1
279 602 1
280 309 1
280 487 1
280 513 1
280 565 1
281 300 1
281 315 1
281 445 1
281 619 1
281 651 1
281 673 1
281 702 1
281 713 1
281 763 1
281 832 1
281 874 1
281 912 1
281 961 1
282 307 1
282 334 1
282 382 1
282 785 1
282 844 1
282 903 1
283 334 1
283 427 1
283 492 1
283 624 1
283 718 1
283 730 1
283 784 1
283 827 1
283 874 1
284 551 1
284 636 1
284 806 1
284 815 1
284 872 1
284 893 1
285 317 1
285 377 1
285 604 1
285 607 1
285 884 1
285 895 1
285 969 1
286 371 1
286 388 1
286 421 1
286 469 1
286 470 1
286 673 1
286 762 1
286 862 1
286 931 1
286 940 1
286 954 1
287 352 1
287 677 1
287 753 1
287 810 1
287 880 1
288 356 1
288 396 1
288 532 1
288 666 1
288 724 1
288 857 1
288 926 1
289 308 1
289 376 1
289 418 1
289 421 1
289 463 1
289 536 1
289 537 1
289 549 1
289 620 1
289 765 1
289 914 1
289 919 1
289 959 1
290 396 1
290 410 1
290 454 1
290 603 1
290 604 1
290 944 1
291 292 1
291 495 1
291 800 1
291 956 1
292 335 1
292 412 1
292 714 1
292 718 1
292 787 1
292 903 1
292 927 1
292 968 1
292 997 1
293 404 1
293 438 1
293 672 1
293 902 1
294 437 1
294 441 1
294 496 1
294 643 1
294 963 1
294 982 1
295 396 1
295 444 1
295 525 1
295 616 1
295 712 1
295 847 1
295 949 1
296 512 1
296 591 1
296 617 1
296 713 1
296 867 1
297 366 1
297 384 1
297 463 1
297 526 1
297 570 1
297 625 1
297 822 1
297 835 1
297 930 1
297 958 1
298 516 1
298 616 1
298 624 1
298 672 1
298 804 1
299 380 1
299 502 1
299 581 1
299 676 1
299 821 1
299 856 1
299 917 1
299 920 1
299 959 1
299 987 1
300 309 1
300 517 1
300 552 1
300 657 1
300 722 1
300 892 1
300 922 1
301 307 1
301 467 1
301 470 1
301 514 1
301 524 1
301 594 1
301 832 1
301 858 1
301 942 1
301 984 1
302 333 1
302 385 1
302 543 1
302 639 1
302 667 1
302 786 1
302 845 1
302 854 1
303 532 1
303 564 1
303 621 1
303 661 1
303 673 1
303 720 1
303 763 1
303 944 1
303 976 1
303 981 1
304 349 1
304 472 1
304 724 1
304 759 1
304 766 1
304 851 1
304 912 1
305 343 1
305 589 1
305 700 1
305 722 1
305 952 1
305 960 1
306 601 1
306 653 1
306 854 1
306 864 1
306 968 1
307 346 1
307 523 1
307 543 1
307 635 1
307 822 1
308 395 1
308 562 1
308 670 1
308 682 1
308 697 1
308 709 1
308 880 1
308 921 1
308 955 1
309 315 1
309 387 1
309 596 1
309 782 1
309 998 1
310 590 1
310 795 1
310 812 1
310 926 1
311 328 1
311 442 1
311 505 1
311 902 1
311 941 1
311 996 1
312 463 1
312 506 1
312 648 1
312 677 1
312 817 1
313 355 1
313 371 1
313 381 1
313 385 1
313 431 1
313 441 1
313 475 1
313 510 1
313 549 1
313 587 1
313 744 1
313 812 1
314 331 1
314 348 1
314 452 1
314 508 1
314 542 1
314 631 1
314 751 1
314 765 1
314 771 1
314 857 1
314 943 1
315 436 1
315 501 1
315 726 1
316 406 1
316 511 1
316 526 1
316 583 1
316 593 1
316 880 1
316 941 1
317 318 1
317 382 1
317 616 1
317 625 1
317 642 1
317 760 1
317 935 1
317 987 1
317 999 1
318 351 1
318 392 1
318 613 1
318 646 1
318 655 1
318 666 1
318 767 1
318 863 1
318 974 1
318 980 1
319 331 1
319 449 1
319 495 1
319 668 1
319 773 1
319 856 1
319 876 1
320 398 1
320 465 1
320 609 1
320 625 1
320 824 1
320 950 1
320 995 1
321 407 1
321 437 1
321 484 1
321 507 1
321 817 1
321 869 1
322 543 1
322 576 1
322 650 1
322 776 1
322 811 1
322 858 1
322 926 1
322 991 1
323 352 1
323 374 1
323 437 1
323 442 1
323 630 1
323 816 1
323 874 1
323 918 1
324 414 1
324 533 1
324 651 1
324 783 1
324 793 1
324 836 1
324 925 1
325 367 1
325 606 1
325 619 1
325 724 1
325 793 1
325 906 1
326 396 1
326 567 1
326 568 1
326 572 1
326 593 1
326 599 1
326 676 1
326 757 1
326 895 1
326 939 1
327 454 1
327 539 1
327 776 1
327 840 1
327 967 1
327 972 1
327 978 1
327 983 1
328 354 1
328 465 1
328 589 1
328 629 1
328 659 1
328 830 1
328 997 1
328 999 1
329 476 1
329 706 1
329 964 1
330 380 1
330 388 1
330 389 1
330 625 1
330 709 1
330 836 1
330 897 1
330 968 1
331 372 1
331 443 1
331 559 1
331 742 1
331 780 1
331 843 1
331 845 1
331 900 1
331 926 1
332 474 1
332 566 1
332 623 1
332 758 1
332 810 1
332 839 1
332 862 1
332 935 1
333 522 1
333 640 1
333 660 1
333 661 1
333 688 1
333 709 1
333 866 1
333 983 1
333 987 1
334 365 1
334 515 1
334 711 1
334 748 1
334 846 1
334 934 1
335 620 1
335 719 1
335 883 1
335 915 1
335 943 1
335 983 1
336 389 1
336 437 1
336 647 1
336 716 1
336 725 1
336 756 1
337 425 1
337 451 1
337 473 1
337 502 1
337 580 1
337 780 1
337 824 1
337 892 1
338 389 1
338 478 1
338 663 1
338 691 1
338 819 1
338 934 1
338 972 1
339 438 1
339 634 1
340 597 1
340 601 1
340 705 1
340 734 1
340 768 1
340 859 1
341 513 1
341 533 1
341 639 1
341 734 1
341 824 1
341 989 1
342 414 1
342 437 1
342 551 1
342 639 1
342 750 1
342 934 1
342 937 1
343 475 1
343 494 1
343 509 1
343 531 1
343 613 1
343 652 1
343 775 1
343 846 1
343 959 1
343 983 1
344 428 1
344 450 1
344 545 1
344 563 1
344 630 1
344 660 1
344 708 1
344 714 1
344 809 1
345 409 1
345 431 1
345 679 1
345 694 1
345 756 1
345 770 1
345 776 1
345 879 1
345 882 1
345 928 1
345 974 1
346 418 1
346 473 1
346 550 1
346 569 1
346 650 1
346 667 1
346 948 1
347 371 1
347 508 1
347 552 1
347 559 1
347 616 1
347 811 1
347 871 1
347 882 1
347 906 1
347 941 1
347 943 1
348 355 1
348 459 1
348 534 1
348 615 1
349 376 1
349 904 1
349 947 1
350 482 1
350 550 1
350 634 1
350 828 1
350 880 1
350 920 1
351 467 1
351 569 1
351 605 1
351 729 1
351 768 1
351 782 1
351 893 1
351 997 1
352 356 1
352 366 1
352 619 1
352 630 1
352 642 1
352 669 1
352 690 1
352 699 1
352 744 1
352 843 1
352 891 1
352 929 1
353 576 1
353 664 1
354 466 1
354 468 1
354 477 1
354 762 1
354 792 1
354 899 1
354 929 1
355 586 1
355 610 1
355 944 1
356 421 1
356 609 1
356 647 1
356 679 1
357 419 1
357 437 1
357 500 1
357 509 1
357 674 1
357 785 1
357 848 1
358 398 1
358 584 1
358 588 1
358 596 1
358 692 1
358 784 1
359 500 1
359 561 1
360 653 1
360 929 1
361 421 1
361 613 1
361 702 1
361 818 1
361 837 1
362 581 1
363 530 1
363 652 1
363 687 1
363 741 1
363 793 1
363 806 1
363 824 1
364 510 1
364 584 1
364 620 1
364 800 1
364 966 1
365 401 1
365 670 1
365 743 1
365 789 1
365 815 1
365 935 1
366 391 1
366 396 1
366 508 1
366 629 1
366 635 1
366 649 1
366 856 1
367 417 1
367 537 1
367 690 1
367 792 1
367 799 1
367 908 1
367 915 1
368 423 1
368 439 1
368 721 1
368 730 1
368 780 1
368 898 1
368 997 1
369 416 1
369 625 1
369 714 1
370 590 1
370 749 1
370 777 1
370 814 1
370 905 1
371 447 1
371 456 1
371 535 1
371 600 1
371 650 1
371 685 1
371 885 1
371 959 1
371 972 1
372 416 1
372 457 1
372 623 1
372 765 1
372 823 1
372 824 1
372 845 1
372 896 1
372 910 1
372 948 1
372 988 1
373 403 1
373 740 1
373 852 1
374 506 1
374 620 1
374 656 1
374 715 1
374 741 1
374 909 1
375 426 1
375 654 1
375 712 1
375 727 1
375 840 1
376 930 1
377 394 1
377 707 1
377 910 1
377 911 1
377 930 1
378 466 1
378 560 1
378 609 1
378 628 1
378 631 1
378 725 1
378 888 1
379 396 1
379 422 1
379 569 1
379 722 1
379 797 1
379 961 1
380 381 1
380 391 1
380 527 1
380 590 1
380 596 1
380 681 1
380 866 1
380 904 1
381 396 1
381 431 1
381 494 1
381 528 1
381 536 1
381 592 1
381 952 1
381 956 1
381 995 1
382 386 1
382 411 1
382 553 1
382 896 1
383 438 1
383 479 1
383 565 1
383 631 1
383 638 1
383 721 1
383 796 1
383 974 1
383 983 1
383 995 1
384 480 1
384 522 1
384 591 1
384 853 1
384 883 1
385 439 1
385 440 1
385 446 1
385 485 1
385 587 1
385 605 1
385 620 1
385 897 1
386 553 1
386 643 1
387 402 1
387 449 1
387 625 1
387 646 1
387 773 1
387 837 1
388 397 1
388 503 1
388 511 1
388 522 1
388 550 1
388 708 1
388 709 1
388 808 1
388 865 1
389 411 1
389 580 1
389 625 1
389 680 1
389 740 1
389 758 1
389 768 1
389 795 1
389 821 1
389 949 1
390 455 1
390 557 1
390 609 1
390 638 1
390 641 1
390 679 1
391 676 1
391 721 1
391 757 1
392 473 1
392 553 1
392 559 1
392 641 1
392 668 1
392 698 1
392 778 1
393 409 1
393 576 1
393 609 1
393 668 1
393 877 1
393 894 1
394 564 1
394 582 1
394 675 1
394 681 1
394 744 1
394 747 1
395 620 1
395 661 1
395 700 1
395 713 1
395 810 1
395 843 1
395 949 1
396 434 1
396 447 1
396 589 1
396 611 1
396 625 1
396 627 1
396 748 1
396 801 1
396 941 1
397 415 1
397 468 1
397 511 1
397 751 1
397 827 1
397 838 1
397 948 1
398 689 1
398 710 1
398 973 1
399 432 1
399 522 1
399 687 1
399 713 1
399 832 1
399 857 1
400 499 1
400 651 1
400 664 1
400 709 1
400 717 1
400 828 1
400 899 1
401 700 1
401 791 1
401 903 1
401 965 1
401 987 1
402 588 1
402 699 1
402 732 1
402 844 1
403 622 1
403 769 1
403 940 1
404 423 1
404 425 1
404 433 1
404 711 1
404 927 1
405 459 1
405 509 1
405 527 1
405 672 1
405 753 1
405 832 1
405 858 1
405 900 1
406 564 1
406 567 1
406 944 1
407 599 1
407 622 1
407 710 1
407 803 1
407 864 1
408 520 1
408 626 1
408 848 1
409 432 1
409 529 1
409 542 1
409 663 1
409 758 1
409 801 1
409 877 1
409 882 1
409 885 1
409 973 1
410 482 1
410 603 1
410 695 1
410 789 1
410 813 1
411 462 1
411 734 1
411 793 1
411 821 1
411 931 1
412 430 1
412 459 1
412 470 1
412 532 1
412 634 1
412 701 1
412 823 1
412 884 1
412 928 1
412 933 1
412 993 1
413 520 1
413 910 1
414 476 1
414 521 1
414 600 1
414 696 1
414 732 1
414 822 1
415 417 1
415 505 1
415 616 1
415 667 1
415 722 1
415 746 1
415 748 1
415 936 1
415 939 1
416 459 1
416 679 1
416 720 1
416 970 1
416 990 1
417 586 1
417 796 1
417 815 1
417 823 1
417 829 1
417 857 1
417 976 1
418 423 1
418 537 1
418 637 1
418 722 1
418 818 1
419 627 1
419 700 1
419 858 1
419 869 1
420 454 1
420 464 1
420 513 1
420 516 1
420 644 1
420 974 1
421 423 1
421 502 1
421 508 1
421 885 1
421 990 1
422 465 1
422 501 1
422 632 1
422 657 1
422 678 1
422 742 1
422 775 1
422 828 1
422 865 1
423 545 1
423 836 1
423 859 1
423 884 1
424 536 1
424 736 1
424 761 1
424 826 1
424 907 1
425 454 1
425 479 1
425 511 1
425 594 1
425 651 1
425 950 1
425 962 1
426 519 1
426 561 1
426 610 1
426 676 1
426 801 1
426 839 1
426 898 1
426 924 1
427 585 1
427 758 1
427 990 1
428 509 1
428 518 1
428 601 1
428 752 1
428 780 1
429 538 1
429 673 1
429 695 1
429 760 1
429 783 1
429 839 1
430 510 1
430 702 1
430 783 1
430 801 1
430 905 1
430 950 1
431 460 1
431 471 1
431 481 1
431 500 1
431 556 1
431 588 1
431 811 1
431 835 1
431 846 1
431 997 1
432 451 1
432 550 1
432 635 1
432 724 1
432 773 1
432 795 1
432 919 1
433 467 1
433 479 1
433 657 1
433 803 1
433 854 1
433 946 1
434 446 1
434 467 1
434 507 1
434 520 1
434 622 1
434 744 1
434 750 1
434 754 1
434 770 1
434 908 1
434 926 1
435 466 1
435 786 1
435 919 1
435 925 1
435 993 1
436 444 1
436 484 1
436 559 1
436 591 1
436 636 1
436 646 1
436 700 1
436 751 1
437 630 1
437 801 1
437 880 1
437 894 1
437 904 1
437 946 1
438 515 1
438 550 1
438 591 1
438 807 1
438 858 1
438 888 1
439 543 1
439 657 1
439 861 1
439 924 1
439 940 1
440 530 1
440 599 1
440 643 1
440 683 1
440 721 1
440 843 1
440 925 1
441 527 1
441 688 1
441 877 1
441 953 1
442 531 1
442 627 1
442 692 1
442 864 1
442 959 1
443 530 1
443 551 1
443 581 1
443 735 1
443 771 1
443 793 1
443 802 1
444 451 1
444 590 1
444 614 1
444 692 1
444 709 1
444 845 1
444 876 1
444 992 1
445 813 1
445 956 1
446 598 1
446 910 1
447 591 1
447 928 1
448 574 1
449 522 1
449 558 1
449 644 1
449 692 1
449 723 1
449 724 1
449 729 1
449 840 1
449 848 1
449 878 1
450 528 1
451 553 1
451 598 1
451 695 1
451 726 1
451 783 1
451 895 1
451 919 1
452 514 1
452 711 1
452 860 1
452 871 1
452 872 1
453 552 1
453 556 1
453 624 1
453 696 1
453 863 1
453 922 1
453 992 1
454 573 1
454 616 1
454 649 1
454 656 1
454 706 1
454 711 1
454 729 1
454 744 1
454 856 1
455 537 1
455 629 1
455 803 1
455 828 1
455 888 1
456 482 1
456 483 1
456 636 1
456 780 1
456 805 1
456 828 1
457 459 1
457 542 1
457 643 1
457 652 1
457 696 1
457 823 1
457 940 1
457 954 1
458 509 1
458 618 1
458 724 1
459 534 1
459 609 1
459 637 1
459 860 1
460 466 1
460 495 1
460 544 1
460 575 1
460 621 1
460 687 1
460 768 1
460 986 1
460 993 1
461 600 1
461 632 1
461 698 1
461 768 1
461 777 1
461 947 1
461 979 1
462 511 1
462 859 1
463 611 1
463 645 1
463 663 1
463 767 1
463 796 1
463 975 1
464 479 1
464 684 1
464 686 1
464 898 1
464 995 1
465 830 1
465 867 1
465 869 1
465 922 1
465 961 1
466 498 1
466 535 1
466 557 1
466 558 1
466 632 1
466 755 1
467 664 1
467 699 1
467 753 1
467 966 1
467 971 1
468 607 1
468 617 1
468 650 1
468 654 1
468 883 1
468 929 1
469 572 1
469 696 1
469 711 1
469 767 1
469 794 1
469 829 1
469 845 1
470 577 1
470 592 1
470 753 1
470 878 1
471 494 1
471 575 1
471 642 1
472 505 1
472 534 1
473 540 1
473 564 1
473 602 1
473 608 1
473 832 1
473 979 1
474 484 1
474 676 1
474 717 1
474 835 1
474 973 1
475 503 1
475 541 1
475 610 1
475 724 1
475 822 1
475 832 1
475 954 1
475 990 1
476 598 1
476 620 1
476 632 1
476 681 1
476 715 1
476 767 1
476 794 1
476 920 1
476 935 1
477 720 1
477 730 1
477 745 1
477 843 1
477 913 1
478 518 1
478 727 1
478 760 1
478 816 1
478 856 1
479 507 1
479 535 1
479 752 1
479 877 1
479 909 1
480 613 1
480 645 1
480 660 1
481 534 1
481 682 1
481 683 1
481 728 1
481 732 1
481 811 1
481 895 1
482 682 1
482 704 1
482 931 1
483 487 1
483 604 1
483 699 1
483 706 1
483 718 1
483 756 1
484 681 1
484 771 1
484 949 1
484 956 1
484 985 1
485 859 1
485 974 1
486 630 1
486 703 1
486 728 1
486 752 1
486 811 1
487 580 1
487 601 1
487 633 1
487 809 1
487 831 1
487 936 1
487 947 1
488 694 1
488 937 1
489 634 1
489 659 1
489 820 1
489 823 1
489 918 1
489 995 1
490 680 1
490 748 1
490 993 1
491 590 1
491 648 1
492 596 1
492 637 1
492 652 1
492 826 1
492 830 1
492 863 1
493 672 1
493 803 1
494 700 1
494 956 1
494 973 1
495 584 1
495 595 1
495 647 1
495 701 1
495 750 1
495 810 1
495 817 1
495 900 1
495 989 1
496 540 1
496 547 1
496 579 1
496 639 1
496 700 1
496 742 1
496 798 1
496 852 1
496 871 1
496 921 1
496 970 1
497 574 1
497 618 1
497 629 1
497 673 1
497 681 1
497 756 1
497 837 1
497 967 1
498 647 1
498 651 1
498 920 1
498 947 1
499 588 1
499 714 1
499 994 1
500 556 1
500 566 1
500 598 1
500 609 1
500 650 1
500 887 1
500 890 1
500 991 1
501 533 1
501 535 1
501 547 1
501 554 1
501 615 1
501 726 1
501 755 1
501 756 1
501 757 1
501 774 1
501 787 1
501 833 1
501 863 1
501 894 1
502 527 1
502 590 1
502 849 1
502 891 1
502 915 1
503 613 1
503 702 1
503 769 1
503 814 1
504 540 1
504 631 1
504 695 1
504 768 1
504 812 1
505 556 1
505 629 1
505 789 1
506 643 1
506 646 1
506 658 1
506 682 1
506 855 1
506 901 1
507 582 1
507 605 1
507 823 1
507 985 1
508 686 1
508 745 1
508 901 1
509 564 1
509 640 1
509 653 1
509 955 1
509 964 1
510 522 1
510 523 1
510 569 1
510 594 1
510 727 1
510 868 1
510 956 1
510 966 1
510 987 1
511 551 1
511 592 1
512 602 1
512 640 1
512 663 1
512 806 1
512 996 1
513 591 1
513 711 1
513 866 1
513 920 1
514 569 1
514 701 1
514 823 1
514 844 1
514 921 1
515 684 1
515 776 1
515 960 1
516 519 1
516 534 1
516 599 1
516 647 1
516 733 1
516 898 1
517 577 1
517 617 1
517 748 1
518 573 1
518 628 1
518 708 1
518 709 1
518 763 1
518 818 1
519 566 1
519 611 1
519 659 1
519 682 1
519 746 1
519 835 1
519 848 1
520 524 1
520 550 1
520 600 1
520 602 1
520 624 1
520 836 1
520 931 1
521 614 1
521 721 1
521 772 1
521 784 1
521 884 1
522 558 1
522 743 1
522 968 1
522 985 1
523 548 1
523 801 1
523 911 1
524 631 1
524 649 1
524 893 1
524 916 1
524 974 1
525 758 1
525 856 1
525 896 1
525 971 1
525 986 1
526 670 1
526 889 1
526 986 1
527 612 1
527 613 1
527 623 1
527 835 1
527 962 1
528 632 1
528 637 1
528 676 1
528 718 1
528 963 1
529 582 1
529 705 1
529 736 1
530 555 1
530 791 1
531 545 1
531 555 1
531 614 1
531 622 1
531 677 1
532 617 1
532 711 1
533 755 1
533 808 1
533 922 1
533 928 1
534 682 1
534 778 1
534 913 1
534 973 1
535 956 1
536 685 1
536 847 1
536 941 1
537 610 1
537 616 1
537 631 1
537 643 1
537 671 1
537 688 1
537 836 1
537 971 1
538 847 1
538 875 1
539 610 1
539 612 1
539 888 1
540 546 1
540 612 1
540 681 1
540 756 1
540 822 1
540 840 1
540 951 1
541 564 1
541 587 1
541 613 1
541 634 1
541 737 1
541 741 1
541 752 1
541 774 1
541 951 1
542 550 1
542 634 1
542 744 1
542 821 1
542 822 1
542 852 1
542 932 1
543 612 1
543 785 1
543 849 1
544 784 1
545 566 1
545 686 1
545 965 1
546 653 1
546 660 1
546 718 1
546 780 1
546 865 1
547 575 1
547 584 1
547 658 1
547 668 1
547 678 1
547 721 1
547 840 1
548 752 1
548 779 1
549 697 1
549 895 1
550 613 1
550 637 1
550 691 1
550 961 1
550 998 1
551 670 1
551 687 1
551 815 1
551 874 1
551 916 1
551 966 1
552 786 1
553 624 1
553 910 1
553 918 1
553 933 1
553 965 1
554 776 1
554 955 1
555 586 1
555 644 1
555 663 1
555 780 1
555 866 1
556 606 1
557 591 1
557 596 1
557 635 1
557 719 1
557 754 1
557 850 1
557 858 1
557 929 1
558 574 1
558 624 1
558 765 1
558 796 1
558 986 1
559 585 1
559 704 1
559 845 1
559 857 1
559 875 1
560 589 1
560 768 1
560 772 1
560 901 1
561 605 1
561 896 1
561 957 1
561 959 1
562 864 1
562 927 1
563 573 1
563 613 1
563 666 1
563 851 1
564 694 1
564 719 1
564 787 1
564 874 1
564 880 1
564 926 1
564 932 1
565 771 1
565 779 1
566 576 1
566 632 1
566 673 1
566 709 1
566 742 1
566 794 1
566 936 1
566 984 1
567 612 1
567 944 1
567 950 1
568 601 1
568 743 1
568 903 1
569 713 1
569 779 1
569 825 1
569 916 1
569 971 1
569 985 1
570 577 1
570 643 1
570 692 1
570 846 1
570 931 1
571 598 1
571 778 1
571 881 1
572 684 1
572 713 1
573 834 1
574 596 1
574 686 1
574 687 1
574 762 1
575 607 1
575 646 1
575 647 1
575 656 1
575 756 1
575 795 1
575 852 1
576 587 1
576 687 1
576 689 1
576 736 1
576 806 1
576 874 1
577 789 1
577 829 1
577 877 1
577 930 1
578 617 1
578 727 1
578 976 1
579 662 1
579 675 1
579 809 1
579 964 1
579 983 1
580 598 1
580 609 1
580 632 1
580 809 1
580 822 1
580 873 1
581 617 1
581 984 1
582 634 1
582 834 1
582 869 1
583 790 1
583 841 1
583 972 1
583 975 1
584 635 1
584 672 1
584 785 1
584 901 1
585 592 1
585 734 1
585 843 1
585 845 1
585 949 1
585 955 1
585 986 1
586 728 1
586 875 1
586 928 1
586 959 1
586 969 1
587 643 1
587 926 1
588 736 1
588 773 1
588 888 1
588 891 1
588 894 1
588 971 1
589 649 1
589 663 1
589 687 1
589 727 1
589 849 1
590 926 1
590 930 1
591 630 1
591 644 1
591 739 1
591 954 1
592 731 1
592 811 1
593 619 1
593 729 1
593 850 1
594 666 1
594 768 1
594 984 1
595 662 1
595 671 1
595 740 1
595 852 1
595 932 1
595 945 1
595 989 1
596 702 1
596 790 1
596 846 1
596 951 1
597 626 1
597 684 1
597 706 1
597 763 1
597 768 1
597 779 1
597 944 1
597 982 1
597 983 1
598 628 1
598 844 1
598 953 1
598 982 1
599 667 1
599 775 1
599 890 1
599 999 1
600 761 1
600 823 1
600 884 1
600 918 1
601 681 1
601 787 1
601 802 1
601 815 1
602 613 1
602 682 1
602 716 1
602 831 1
602 913 1
603 695 1
603 764 1
603 887 1
603 896 1
603 953 1
604 636 1
604 719 1
604 721 1
604 776 1
605 642 1
605 768 1
605 791 1
605 830 1
605 898 1
605 944 1
606 857 1
607 824 1
607 931 1
608 619 1
608 719 1
608 727 1
608 771 1
608 853 1
609 799 1
609 809 1
609 830 1
609 905 1
609 913 1
610 626 1
610 765 1
610 797 1
610 826 1
610 904 1
610 979 1
611 663 1
611 698 1
611 852 1
611 929 1
611 967 1
612 686 1
612 738 1
612 989 1
612 994 1
613 631 1
613 685 1
613 855 1
613 864 1
614 692 1
614 753 1
614 833 1
614 862 1
615 722 1
615 738 1
615 887 1
615 896 1
616 652 1
616 691 1
616 849 1
617 669 1
617 753 1
617 781 1
617 850 1
617 857 1
617 858 1
617 871 1
617 920 1
618 767 1
618 776 1
619 635 1
619 718 1
619 868 1
619 910 1
619 920 1
620 639 1
620 718 1
620 735 1
620 748 1
620 766 1
620 841 1
621 764 1
621 768 1
621 860 1
622 876 1
623 905 1
623 909 1
624 693 1
624 788 1
624 813 1
624 903 1
625 631 1
625 657 1
625 669 1
626 634 1
626 670 1
626 737 1
626 759 1
626 776 1
626 851 1
626 892 1
627 699 1
627 711 1
627 853 1
627 867 1
627 891 1
627 910 1
628 860 1
628 869 1
628 887 1
628 942 1
628 959 1
629 669 1
629 845 1
630 857 1
630 885 1
630 924 1
631 677 1
631 680 1
631 714 1
631 761 1
631 771 1
631 802 1
631 992 1
632 685 1
632 705 1
632 706 1
632 814 1
632 906 1
632 932 1
632 936 1
632 983 1
633 773 1
633 781 1
633 937 1
634 897 1
635 721 1
635 783 1
635 788 1
636 907 1
636 930 1
636 996 1
637 725 1
637 780 1
637 814 1
637 835 1
637 894 1
638 772 1
638 786 1
638 947 1
639 687 1
639 694 1
639 715 1
639 754 1
639 782 1
639 815 1
639 863 1
639 870 1
639 883 1
639 988 1
640 645 1
640 692 1
640 790 1
640 844 1
640 962 1
641 677 1
641 679 1
641 987 1
642 670 1
642 778 1
642 815 1
642 886 1
642 954 1
643 680 1
643 717 1
643 719 1
643 732 1
643 757 1
644 768 1
644 804 1
644 861 1
644 865 1
645 851 1
645 991 1
646 659 1
646 716 1
646 778 1
646 995 1
647 648 1
647 796 1
647 803 1
647 874 1
647 876 1
648 798 1
648 816 1
648 833 1
648 906 1
648 910 1
648 940 1
649 683 1
649 706 1
649 707 1
649 903 1
650 761 1
650 989 1
651 768 1
652 657 1
652 818 1
652 966 1
652 968 1
653 688 1
653 692 1
653 765 1
653 775 1
654 711 1
654 790 1
654 796 1
654 855 1
655 763 1
655 867 1
656 817 1
656 886 1
656 956 1
656 998 1
657 717 1
657 768 1
657 839 1
658 659 1
658 738 1
658 964 1
659 711 1
659 812 1
659 900 1
659 979 1
660 747 1
660 915 1
660 923 1
660 986 1
661 695 1
661 713 1
661 764 1
661 771 1
661 904 1
661 958 1
662 669 1
662 684 1
662 858 1
662 900 1
663 764 1
663 867 1
663 884 1
663 948 1
663 984 1
663 999 1
664 711 1
664 813 1
664 905 1
665 752 1
665 818 1
665 864 1
666 874 1
667 848 1
667 920 1
667 952 1
668 792 1
668 889 1
669 750 1
669 918 1
669 962 1
670 679 1
670 741 1
670 742 1
670 912 1
671 800 1
672 697 1
672 708 1
672 738 1
672 742 1
672 892 1
673 712 1
673 868 1
673 889 1
674 694 1
674 764 1
674 888 1
674 890 1
674 986 1
675 752 1
676 708 1
676 764 1
676 811 1
676 885 1
677 971 1
678 763 1
678 779 1
678 834 1
678 882 1
678 921 1
679 713 1
680 722 1
680 751 1
681 883 1
681 939 1
682 720 1
682 889 1
683 792 1
683 796 1
683 813 1
683 929 1
684 939 1
684 942 1
685 687 1
685 717 1
685 721 1
685 822 1
685 859 1
685 944 1
686 760 1
686 882 1
687 855 1
688 730 1
689 868 1
689 928 1
689 978 1
690 740 1
690 765 1
690 875 1
690 919 1
690 945 1
690 977 1
691 796 1
692 878 1
692 892 1
692 975 1
693 748 1
693 867 1
694 707 1
694 748 1
694 771 1
694 841 1
694 863 1
694 894 1
695 717 1
695 795 1
695 871 1
695 892 1
696 712 1
696 807 1
696 867 1
696 936 1
697 880 1
697 935 1
697 954 1
698 704 1
698 770 1
698 772 1
698 780 1
698 799 1
698 931 1
698 964 1
699 893 1
699 926 1
700 845 1
700 977 1
701 717 1
701 851 1
701 874 1
702 781 1
702 843 1
703 734 1
703 853 1
703 865 1
704 837 1
704 915 1
705 781 1
705 799 1
705 820 1
705 881 1
706 831 1
706 863 1
706 958 1
706 993 1
707 749 1
709 921 1
709 925 1
710 715 1
710 783 1
710 876 1
710 930 1
711 760 1
712 806 1
713 938 1
714 760 1
714 765 1
714 772 1
714 808 1
714 894 1
714 908 1
715 741 1
715 824 1
716 858 1
718 724 1
718 857 1
718 941 1
718 945 1
719 728 1
719 829 1
719 904 1
719 981 1
720 812 1
720 867 1
721 759 1
721 973 1
722 787 1
722 863 1
723 766 1
723 824 1
723 867 1
724 958 1
724 971 1
724 995 1
725 796 1
725 846 1
726 795 1
727 824 1
727 862 1
728 790 1
728 841 1
728 889 1
728 901 1
729 736 1
729 737 1
729 789 1
729 802 1
729 982 1
730 975 1
731 882 1
731 921 1
731 938 1
732 771 1
732 775 1
732 815 1
732 831 1
733 757 1
733 944 1
734 905 1
735 846 1
736 740 1
736 771 1
736 828 1
736 857 1
736 976 1
736 977 1
737 767 1
737 798 1
738 761 1
739 749 1
739 872 1
740 860 1
740 881 1
740 911 1
740 932 1
740 939 1
740 991 1
741 796 1
741 971 1
741 976 1
742 790 1
742 829 1
742 853 1
742 869 1
742 889 1
743 888 1
743 933 1
744 848 1
745 811 1
745 893 1
746 785 1
746 849 1
747 788 1
747 861 1
747 862 1
748 752 1
748 972 1
748 976 1
750 863 1
752 812 1
752 824 1
752 829 1
752 954 1
753 764 1
753 850 1
753 979 1
754 756 1
754 783 1
754 863 1
754 938 1
756 861 1
756 881 1
756 886 1
757 786 1
757 898 1
757 904 1
757 930 1
757 969 1
758 943 1
758 956 1
759 780 1
759 815 1
759 825 1
759 991 1
760 772 1
760 980 1
761 816 1
761 940 1
761 957 1
762 904 1
762 980 1
763 907 1
763 917 1
764 818 1
764 905 1
765 800 1
765 829 1
765 931 1
766 796 1
766 823 1
766 852 1
766 958 1
767 808 1
767 901 1
767 945 1
767 984 1
768 845 1
768 880 1
769 819 1
769 977 1
770 966 1
771 832 1
771 847 1
771 870 1
771 890 1
771 949 1
771 978 1
772 774 1
772 815 1
773 925 1
773 953 1
773 997 1
774 990 1
775 809 1
775 886 1
775 893 1
776 979 1
776 993 1
777 782 1
777 788 1
777 870 1
777 887 1
777 975 1
778 791 1
778 806 1
778 863 1
779 780 1
779 957 1
780 874 1
780 885 1
780 926 1
780 967 1
781 822 1
781 941 1
781 981 1
782 975 1
783 785 1
783 796 1
783 940 1
784 802 1
784 894 1
785 786 1
785 822 1
785 888 1
786 819 1
788 817 1
788 832 1
789 887 1
789 910 1
790 810 1
790 835 1
790 966 1
791 863 1
792 858 1
792 991 1
793 854 1
793 861 1
794 822 1
794 842 1
795 896 1
795 919 1
797 800 1
797 880 1
797 959 1
797 979 1
798 896 1
798 965 1
799 874 1
799 920 1
800 883 1
800 889 1
800 934 1
800 949 1
801 836 1
803 904 1
804 837 1
804 838 1
804 930 1
804 960 1
805 839 1
805 877 1
806 872 1
806 941 1
807 916 1
809 823 1
809 831 1
809 851 1
809 977 1
810 904 1
810 953 1
811 969 1
812 897 1
812 905 1
813 857 1
813 958 1
814 905 1
815 938 1
815 969 1
815 994 1
816 842 1
816 879 1
816 951 1
818 925 1
819 909 1
819 923 1
819 968 1
820 974 1
820 998 1
821 931 1
821 939 1
822 938 1
823 857 1
823 981 1
824 998 1
825 837 1
826 842 1
826 859 1
827 869 1
827 888 1
828 858 1
828 897 1
829 969 1
829 982 1
830 969 1
831 936 1
832 915 1
832 916 1
832 927 1
833 900 1
833 918 1
833 992 1
835 839 1
835 846 1
836 839 1
837 932 1
838 854 1
838 855 1
838 939 1
838 956 1
838 990 1
840 854 1
840 941 1
842 883 1
842 939 1
843 845 1
843 876 1
843 885 1
844 872 1
845 875 1
846 866 1
846 929 1
847 855 1
847 867 1
848 864 1
848 959 1
848 979 1
849 850 1
849 851 1
849 893 1
849 962 1
850 929 1
850 967 1
851 945 1
853 869 1
853 918 1
853 926 1
854 880 1
856 893 1
858 937 1
859 886 1
859 909 1
859 995 1
860 868 1
860 889 1
860 993 1
862 972 1
864 902 1
864 912 1
866 977 1
867 971 1
868 918 1
868 932 1
870 948 1
870 949 1
870 970 1
874 879 1
875 934 1
876 887 1
876 891 1
876 896 1
877 899 1
878 964 1
880 925 1
880 952 1
881 976 1
883 910 1
884 967 1
884 968 1
885 994 1
886 936 1
886 949 1
887 953 1
887 987 1
888 895 1
889 894 1
890 957 1
891 936 1
892 971 1
892 993 1
893 978 1
894 941 1
895 900 1
895 954 1
896 956 1
896 994 1
897 901 1
899 911 1
899 964 1
901 945 1
902 971 1
902 983 1
902 985 1
903 947 1
905 947 1
906 945 1
909 970 1
911 922 1
912 975 1
912 993 1
913 915 1
913 933 1
914 924 1
914 970 1
916 952 1
920 964 1
920 989 1
923 985 1
925 997 1
926 945 1
927 936 1
928 939 1
930 977 1
934 959 1
934 979 1
934 986 1
937 951 1
938 964 1
939 942 1
940 996 1
942 953 1
942 995 1
943 955 1
945 955 1
949 957 1
950 974 1
952 985 1
957 958 1
963 966 1
963 997 1
965 972 1
967 995 1
970 976 1
972 973 1
979 989 1
992 994 1
