1000 5029
0 143 1
0 162 1
0 202 1
0 221 1
0 315 1
0 357 1
0 513 1
0 516 1
0 518 1
0 523 1
0 589 1
0 627 1
0 718 1
0 957 1
1 140 1
1 164 1
1 196 1
1 305 1
1 374 1
1 386 1
1 459 1
1 697 1
1 763 1
1 836 1
1 966 1
2 247 1
2 360 1
2 499 1
2 603 1
2 692 1
2 706 1
2 724 1
2 728 1
3 24 1
3 68 1
3 264 1
3 278 1
3 375 1
3 394 1
3 512 1
3 641 1
3 682 1
3 726 1
3 777 1
3 834 1
3 985 1
4 6 1
4 220 1
4 388 1
4 522 1
4 538 1
4 695 1
5 86 1
5 311 1
5 390 1
5 508 1
5 620 1
5 718 1
5 781 1
6 591 1
6 871 1
7 75 1
7 153 1
7 400 1
7 501 1
7 537 1
7 590 1
7 686 1
7 817 1
7 932 1
7 935 1
7 940 1
8 39 1
8 56 1
8 174 1
8 272 1
8 378 1
8 606 1
8 651 1
9 87 1
9 103 1
9 329 1
9 358 1
9 481 1
9 733 1
9 810 1
10 24 1
10 71 1
10 99 1
10 103 1
10 333 1
10 358 1
10 359 1
10 516 1
11 210 1
11 574 1
11 587 1
11 655 1
11 705 1
11 895 1
11 934 1
12 19 1
12 88 1
12 136 1
12 138 1
12 353 1
12 418 1
12 561 1
12 676 1
12 861 1
12 862 1
12 866 1
12 978 1
13 216 1
13 262 1
13 358 1
13 364 1
13 559 1
13 577 1
13 632 1
13 638 1
13 650 1
13 903 1
13 987 1
13 992 1
14 56 1
14 264 1
14 278 1
14 314 1
14 401 1
14 456 1
14 508 1
14 709 1
14 729 1
14 754 1
14 815 1
14 850 1
15 149 1
15 190 1
15 426 1
15 581 1
15 712 1
15 823 1
15 841 1
15 911 1
15 982 1
16 77 1
16 90 1
16 163 1
16 403 1
16 525 1
16 643 1
16 740 1
16 769 1
17 54 1
17 88 1
17 229 1
17 545 1
17 683 1
17 765 1
18 50 1
18 193 1
18 268 1
18 282 1
18 293 1
18 427 1
18 430 1
18 465 1
18 533 1
18 632 1
18 761 1
18 798 1
18 879 1
18 938 1
19 145 1
19 201 1
19 250 1
19 286 1
19 312 1
19 349 1
19 581 1
19 596 1
19 654 1
19 821 1
19 966 1
19 986 1
20 129 1
20 157 1
20 358 1
20 474 1
20 537 1
20 547 1
20 591 1
20 789 1
20 834 1
20 912 1
21 114 1
21 183 1
21 235 1
21 301 1
21 332 1
21 580 1
21 672 1
21 733 1
21 773 1
22 65 1
22 246 1
22 249 1
22 395 1
22 407 1
22 434 1
22 449 1
22 483 1
22 804 1
22 881 1
23 59 1
23 122 1
23 285 1
23 364 1
23 379 1
23 414 1
23 529 1
23 536 1
23 587 1
23 595 1
23 822 1
24 68 1
24 185 1
24 193 1
24 243 1
24 256 1
24 276 1
24 322 1
24 416 1
24 507 1
24 597 1
24 697 1
24 764 1
24 907 1
24 920 1
25 205 1
25 249 1
25 288 1
25 366 1
25 423 1
25 637 1
25 662 1
25 880 1
25 886 1
25 921 1
25 941 1
26 105 1
26 181 1
26 343 1
26 385 1
26 572 1
26 603 1
26 650 1
26 864 1
26 961 1
26 967 1
27 163 1
27 247 1
27 285 1
27 429 1
27 483 1
27 662 1
27 831 1
27 866 1
28 189 1
28 217 1
28 374 1
28 400 1
28 406 1
28 516 1
28 540 1
28 599 1
28 729 1
28 802 1
28 856 1
28 895 1
28 904 1
29 58 1
29 164 1
29 234 1
29 499 1
29 618 1
29 632 1
29 682 1
29 685 1
29 710 1
29 813 1
29 880 1
29 900 1
30 107 1
30 232 1
30 284 1
30 380 1
30 514 1
30 584 1
30 767 1
30 786 1
30 853 1
30 888 1
30 970 1
31 97 1
31 236 1
31 437 1
31 739 1
31 775 1
31 825 1
32 351 1
32 440 1
32 484 1
32 540 1
32 560 1
32 650 1
32 698 1
32 699 1
32 765 1
32 781 1
32 872 1
33 119 1
33 143 1
33 172 1
33 556 1
33 588 1
33 705 1
33 718 1
33 788 1
33 889 1
33 950 1
33 986 1
34 256 1
34 404 1
34 795 1
34 865 1
34 879 1
35 219 1
35 325 1
35 373 1
35 653 1
35 772 1
35 890 1
36 347 1
36 387 1
36 396 1
36 409 1
36 463 1
36 471 1
36 480 1
36 559 1
36 862 1
36 909 1
36 962 1
37 210 1
37 401 1
37 444 1
37 547 1
37 615 1
37 773 1
37 795 1
37 829 1
37 882 1
38 158 1
38 189 1
38 208 1
38 210 1
38 280 1
38 295 1
38 345 1
38 401 1
38 404 1
38 778 1
38 797 1
38 862 1
38 877 1
38 896 1
38 915 1
38 979 1
38 989 1
38 993 1
39 54 1
39 221 1
39 301 1
39 361 1
39 396 1
39 422 1
39 517 1
39 519 1
39 520 1
39 566 1
39 596 1
39 664 1
39 812 1
39 863 1
39 985 1
40 65 1
40 75 1
40 78 1
40 158 1
40 163 1
40 348 1
40 460 1
40 575 1
40 778 1
40 902 1
40 989 1
41 228 1
41 233 1
41 359 1
41 375 1
41 421 1
41 424 1
41 425 1
41 426 1
41 561 1
41 611 1
41 918 1
42 166 1
42 238 1
42 308 1
42 488 1
42 506 1
42 649 1
42 809 1
42 990 1
43 66 1
43 166 1
43 232 1
43 367 1
43 465 1
43 574 1
43 602 1
43 698 1
43 699 1
43 734 1
43 798 1
43 821 1
43 882 1
43 938 1
43 985 1
43 986 1
44 216 1
44 246 1
44 262 1
44 475 1
44 554 1
44 588 1
44 606 1
44 781 1
44 919 1
44 956 1
45 48 1
45 94 1
45 142 1
45 188 1
45 197 1
45 212 1
45 318 1
45 368 1
45 408 1
45 452 1
45 475 1
45 681 1
45 708 1
45 803 1
45 858 1
46 139 1
46 149 1
46 510 1
46 732 1
46 771 1
46 843 1
46 955 1
46 975 1
47 48 1
47 75 1
47 118 1
47 191 1
47 247 1
47 345 1
47 515 1
47 524 1
47 985 1
48 86 1
48 107 1
48 263 1
48 313 1
48 330 1
48 494 1
48 620 1
48 625 1
48 742 1
48 775 1
48 967 1
49 233 1
49 509 1
49 602 1
49 661 1
49 726 1
49 735 1
50 113 1
50 244 1
50 356 1
50 377 1
50 412 1
50 623 1
50 680 1
50 700 1
50 757 1
50 809 1
50 812 1
50 967 1
51 104 1
51 316 1
51 457 1
51 470 1
51 639 1
51 718 1
51 722 1
51 779 1
51 787 1
51 819 1
51 846 1
51 852 1
51 938 1
51 948 1
51 985 1
52 103 1
52 207 1
52 593 1
52 637 1
52 859 1
52 862 1
52 925 1
52 937 1
53 227 1
53 519 1
53 619 1
53 941 1
54 115 1
54 417 1
54 426 1
54 427 1
54 429 1
54 694 1
54 727 1
54 758 1
54 879 1
54 950 1
55 76 1
55 91 1
55 339 1
55 344 1
55 646 1
55 732 1
56 92 1
56 225 1
56 405 1
56 452 1
56 571 1
56 591 1
56 696 1
56 722 1
56 863 1
57 193 1
57 207 1
57 370 1
57 422 1
57 748 1
57 757 1
57 952 1
57 974 1
57 994 1
58 77 1
58 106 1
58 189 1
58 238 1
58 396 1
58 444 1
58 451 1
58 771 1
58 785 1
58 787 1
58 851 1
58 883 1
59 100 1
59 139 1
59 181 1
59 259 1
59 381 1
59 472 1
59 474 1
59 492 1
59 523 1
59 561 1
59 644 1
59 716 1
59 789 1
59 822 1
60 105 1
60 216 1
60 854 1
60 931 1
60 956 1
60 964 1
61 209 1
61 225 1
61 485 1
61 712 1
61 809 1
61 900 1
61 965 1
62 77 1
62 142 1
62 285 1
62 411 1
62 493 1
62 518 1
62 609 1
62 642 1
62 708 1
62 749 1
62 924 1
63 281 1
63 553 1
63 653 1
63 699 1
63 711 1
63 758 1
63 923 1
64 428 1
64 456 1
64 462 1
64 493 1
64 515 1
64 859 1
64 937 1
64 973 1
65 157 1
65 171 1
65 262 1
65 317 1
65 332 1
65 457 1
65 612 1
65 671 1
65 768 1
66 81 1
66 90 1
66 100 1
66 227 1
66 300 1
66 362 1
66 487 1
66 575 1
66 758 1
66 798 1
66 827 1
66 847 1
67 68 1
67 241 1
67 426 1
67 427 1
67 439 1
67 523 1
67 598 1
67 845 1
67 881 1
67 883 1
67 927 1
67 959 1
67 993 1
68 109 1
68 280 1
68 288 1
68 297 1
68 305 1
68 355 1
68 446 1
68 628 1
68 900 1
69 244 1
69 313 1
69 354 1
69 361 1
69 429 1
69 777 1
69 780 1
69 798 1
69 854 1
70 108 1
70 261 1
70 273 1
70 297 1
70 417 1
70 654 1
70 663 1
70 679 1
70 811 1
70 913 1
70 951 1
71 138 1
71 525 1
71 618 1
71 678 1
71 738 1
71 798 1
71 915 1
71 921 1
71 960 1
72 89 1
72 157 1
72 241 1
72 277 1
72 330 1
72 346 1
72 423 1
72 544 1
72 587 1
72 879 1
72 941 1
72 962 1
72 968 1
73 228 1
73 233 1
73 258 1
73 461 1
73 530 1
73 718 1
73 822 1
73 912 1
74 285 1
74 452 1
74 470 1
74 528 1
74 553 1
74 706 1
74 734 1
74 922 1
74 924 1
75 137 1
75 202 1
75 404 1
75 467 1
75 535 1
75 562 1
75 658 1
75 711 1
75 865 1
75 985 1
76 197 1
76 199 1
76 204 1
76 319 1
76 390 1
76 422 1
76 575 1
76 618 1
76 926 1
77 97 1
77 159 1
77 316 1
77 422 1
77 460 1
77 569 1
77 574 1
77 586 1
77 747 1
77 910 1
78 159 1
78 223 1
78 347 1
78 488 1
78 513 1
78 555 1
78 616 1
78 717 1
78 824 1
78 883 1
78 960 1
79 279 1
79 290 1
79 354 1
79 636 1
79 744 1
79 926 1
80 142 1
80 169 1
80 222 1
80 313 1
80 615 1
80 673 1
80 715 1
81 140 1
81 318 1
81 439 1
81 534 1
81 724 1
81 820 1
81 879 1
82 145 1
82 160 1
82 249 1
82 324 1
82 433 1
82 667 1
82 717 1
82 762 1
82 796 1
82 891 1
82 894 1
82 969 1
83 230 1
83 394 1
83 447 1
83 515 1
83 751 1
83 831 1
83 954 1
83 979 1
84 219 1
84 501 1
84 686 1
84 853 1
84 856 1
85 200 1
85 281 1
85 371 1
85 474 1
85 482 1
85 576 1
85 675 1
85 694 1
85 707 1
85 726 1
85 755 1
85 799 1
85 957 1
86 97 1
86 223 1
86 422 1
86 485 1
86 626 1
86 690 1
86 754 1
86 933 1
87 596 1
87 666 1
87 852 1
87 928 1
87 992 1
88 182 1
88 291 1
88 371 1
88 450 1
88 524 1
88 719 1
88 880 1
88 905 1
88 983 1
89 153 1
89 171 1
89 440 1
89 667 1
89 706 1
89 726 1
90 240 1
90 491 1
90 685 1
90 732 1
90 753 1
90 755 1
91 143 1
91 145 1
91 244 1
91 251 1
91 485 1
91 596 1
91 651 1
91 660 1
91 693 1
91 809 1
91 894 1
91 922 1
91 931 1
92 101 1
92 387 1
92 505 1
92 545 1
92 576 1
92 578 1
92 603 1
92 680 1
92 908 1
92 935 1
93 151 1
93 367 1
93 408 1
93 577 1
93 583 1
93 598 1
93 675 1
93 681 1
93 700 1
93 764 1
93 899 1
94 130 1
94 225 1
94 281 1
94 356 1
94 363 1
94 394 1
94 399 1
94 416 1
94 428 1
94 462 1
94 475 1
94 509 1
94 556 1
94 607 1
94 663 1
94 810 1
94 870 1
94 873 1
95 146 1
95 310 1
95 404 1
95 614 1
95 636 1
95 730 1
95 797 1
96 215 1
96 219 1
96 298 1
96 363 1
96 390 1
96 542 1
96 687 1
96 737 1
96 839 1
96 904 1
96 997 1
97 484 1
97 574 1
97 699 1
97 702 1
97 958 1
98 212 1
98 224 1
98 399 1
98 538 1
98 582 1
98 587 1
98 646 1
98 758 1
98 789 1
98 933 1
99 111 1
99 252 1
99 257 1
99 313 1
99 338 1
99 391 1
99 418 1
99 478 1
99 556 1
99 716 1
99 825 1
99 880 1
100 102 1
100 125 1
100 152 1
100 287 1
100 522 1
100 537 1
100 585 1
100 746 1
100 787 1
101 248 1
101 315 1
101 481 1
101 507 1
101 728 1
101 796 1
101 857 1
101 962 1
101 996 1
102 103 1
102 153 1
102 333 1
102 400 1
102 491 1
102 550 1
102 658 1
102 676 1
102 772 1
102 779 1
102 780 1
102 799 1
102 818 1
102 923 1
103 136 1
103 216 1
103 358 1
103 420 1
103 426 1
103 489 1
103 765 1
103 847 1
103 949 1
103 964 1
104 133 1
104 161 1
104 166 1
104 194 1
104 218 1
104 303 1
104 390 1
104 433 1
104 492 1
104 594 1
104 685 1
104 768 1
104 900 1
105 340 1
105 344 1
105 349 1
105 363 1
105 394 1
105 426 1
105 483 1
105 570 1
105 595 1
105 728 1
105 748 1
105 833 1
105 926 1
105 932 1
106 195 1
106 223 1
106 271 1
106 336 1
106 630 1
106 744 1
106 875 1
107 111 1
107 193 1
107 241 1
107 262 1
107 283 1
107 334 1
107 387 1
107 400 1
107 621 1
107 702 1
107 714 1
107 808 1
107 849 1
108 118 1
108 391 1
108 458 1
108 479 1
108 694 1
108 703 1
108 820 1
108 991 1
109 339 1
109 407 1
109 546 1
109 577 1
109 799 1
109 819 1
109 922 1
109 958 1
109 982 1
109 984 1
110 148 1
110 199 1
110 216 1
110 444 1
110 473 1
110 655 1
110 665 1
110 835 1
110 959 1
110 970 1
111 441 1
111 457 1
111 491 1
111 630 1
111 738 1
111 766 1
111 837 1
111 856 1
111 867 1
112 252 1
112 360 1
112 624 1
112 662 1
112 670 1
112 811 1
113 166 1
113 189 1
113 193 1
113 346 1
113 436 1
113 482 1
113 589 1
113 776 1
113 798 1
113 871 1
113 883 1
113 988 1
114 392 1
114 429 1
114 482 1
114 512 1
114 639 1
114 641 1
114 775 1
114 858 1
114 871 1
114 874 1
114 911 1
114 948 1
115 224 1
115 454 1
115 767 1
115 804 1
115 825 1
116 163 1
116 167 1
116 244 1
116 283 1
116 326 1
116 432 1
116 454 1
116 486 1
116 487 1
116 656 1
116 729 1
116 753 1
116 830 1
117 426 1
117 616 1
117 737 1
117 806 1
117 885 1
118 276 1
118 484 1
118 644 1
118 729 1
118 730 1
118 732 1
118 838 1
118 953 1
118 963 1
119 298 1
119 427 1
119 547 1
119 564 1
119 684 1
119 938 1
119 954 1
120 492 1
120 605 1
120 867 1
120 915 1
120 945 1
120 984 1
121 265 1
121 293 1
121 383 1
121 384 1
121 534 1
121 629 1
121 683 1
121 691 1
122 313 1
122 402 1
122 535 1
122 815 1
122 976 1
123 185 1
123 208 1
123 230 1
123 441 1
123 643 1
123 758 1
123 810 1
124 134 1
124 202 1
124 266 1
124 395 1
124 399 1
124 549 1
124 637 1
124 658 1
124 846 1
124 919 1
124 971 1
125 206 1
125 231 1
125 425 1
125 617 1
125 627 1
125 674 1
125 788 1
125 974 1
126 159 1
126 160 1
126 315 1
126 316 1
126 340 1
126 399 1
126 524 1
126 563 1
126 608 1
126 824 1
126 987 1
127 500 1
127 647 1
127 671 1
127 736 1
127 759 1
127 862 1
127 989 1
128 241 1
128 479 1
128 512 1
128 636 1
128 827 1
128 831 1
129 178 1
129 346 1
129 368 1
129 406 1
129 554 1
129 680 1
129 685 1
129 719 1
129 825 1
129 868 1
130 343 1
130 872 1
130 961 1
131 416 1
131 547 1
131 639 1
131 743 1
131 754 1
132 142 1
132 148 1
132 214 1
132 229 1
132 316 1
132 320 1
132 428 1
132 454 1
132 489 1
132 521 1
132 670 1
132 799 1
132 959 1
133 191 1
133 289 1
133 468 1
133 615 1
133 770 1
133 775 1
133 943 1
134 300 1
134 340 1
134 346 1
134 685 1
134 742 1
134 751 1
134 834 1
134 890 1
135 188 1
135 223 1
135 249 1
135 305 1
135 391 1
135 393 1
135 420 1
135 562 1
135 564 1
135 603 1
135 620 1
135 647 1
135 673 1
135 901 1
135 938 1
135 947 1
135 949 1
135 961 1
136 165 1
136 601 1
136 718 1
136 802 1
137 348 1
137 633 1
137 680 1
137 848 1
138 157 1
138 303 1
138 363 1
138 408 1
138 633 1
138 895 1
138 970 1
139 356 1
139 374 1
139 499 1
139 806 1
139 937 1
140 175 1
140 461 1
140 780 1
140 823 1
140 951 1
140 999 1
141 145 1
141 164 1
141 165 1
141 216 1
141 326 1
141 382 1
141 409 1
141 475 1
141 591 1
141 667 1
141 733 1
141 861 1
142 174 1
142 212 1
142 556 1
142 686 1
142 699 1
142 738 1
142 835 1
142 900 1
142 927 1
142 954 1
143 182 1
143 192 1
143 401 1
143 402 1
143 403 1
143 867 1
144 267 1
144 313 1
144 459 1
144 525 1
144 595 1
144 631 1
144 783 1
144 803 1
144 806 1
144 986 1
145 358 1
145 557 1
145 580 1
145 642 1
145 770 1
145 912 1
145 944 1
146 307 1
146 861 1
146 886 1
146 902 1
146 993 1
147 415 1
147 507 1
147 825 1
147 901 1
148 190 1
148 191 1
148 319 1
148 350 1
148 418 1
148 467 1
148 585 1
148 612 1
148 845 1
148 984 1
149 172 1
149 187 1
149 734 1
149 741 1
149 760 1
149 786 1
149 824 1
149 839 1
149 868 1
149 894 1
150 151 1
150 210 1
150 285 1
150 298 1
150 330 1
150 364 1
150 544 1
150 561 1
150 581 1
150 696 1
150 701 1
150 793 1
150 814 1
151 310 1
151 443 1
151 465 1
151 642 1
151 703 1
151 741 1
151 749 1
151 765 1
151 830 1
151 896 1
152 304 1
152 311 1
152 392 1
152 575 1
152 871 1
153 206 1
153 311 1
153 456 1
153 459 1
153 539 1
153 693 1
153 763 1
153 891 1
153 999 1
154 294 1
154 462 1
154 487 1
154 493 1
154 496 1
154 547 1
154 664 1
154 686 1
155 243 1
155 604 1
155 686 1
155 728 1
155 775 1
155 818 1
155 827 1
155 853 1
155 939 1
156 175 1
156 271 1
156 526 1
156 918 1
156 935 1
157 213 1
157 359 1
157 615 1
157 671 1
157 742 1
157 792 1
158 326 1
158 464 1
158 503 1
158 713 1
158 812 1
158 821 1
159 181 1
159 233 1
159 244 1
159 310 1
159 337 1
159 462 1
159 510 1
159 930 1
160 214 1
160 267 1
160 438 1
160 479 1
160 508 1
160 615 1
160 743 1
160 830 1
160 904 1
161 162 1
161 203 1
161 485 1
161 613 1
161 729 1
161 952 1
162 384 1
162 448 1
162 648 1
162 691 1
162 900 1
163 181 1
163 379 1
163 536 1
163 654 1
163 938 1
163 999 1
164 284 1
164 324 1
164 342 1
164 433 1
164 454 1
164 892 1
165 326 1
165 430 1
165 434 1
165 664 1
165 692 1
166 168 1
166 352 1
166 379 1
166 509 1
166 681 1
167 342 1
167 379 1
167 406 1
167 436 1
167 444 1
167 516 1
167 518 1
167 644 1
167 863 1
167 873 1
167 932 1
167 963 1
168 537 1
168 620 1
168 825 1
168 923 1
169 395 1
169 409 1
169 504 1
169 686 1
169 707 1
169 813 1
170 380 1
170 542 1
170 624 1
170 666 1
170 715 1
170 765 1
170 790 1
170 894 1
170 925 1
170 944 1
171 217 1
171 254 1
171 272 1
171 316 1
171 399 1
171 451 1
171 518 1
171 540 1
171 544 1
171 919 1
171 932 1
171 961 1
171 972 1
172 217 1
172 252 1
172 254 1
172 284 1
172 329 1
172 568 1
172 610 1
172 676 1
172 847 1
172 864 1
172 914 1
172 919 1
172 995 1
173 196 1
173 227 1
173 332 1
173 364 1
173 424 1
173 456 1
173 496 1
173 685 1
173 732 1
173 751 1
173 765 1
173 777 1
173 779 1
173 789 1
173 875 1
173 941 1
174 252 1
174 279 1
174 528 1
174 581 1
174 650 1
174 671 1
174 805 1
174 836 1
174 857 1
175 206 1
175 299 1
175 365 1
175 381 1
175 537 1
175 564 1
175 656 1
175 713 1
175 838 1
175 970 1
176 334 1
176 348 1
176 372 1
176 534 1
176 557 1
176 649 1
176 684 1
176 692 1
177 267 1
177 326 1
178 239 1
178 388 1
178 393 1
178 456 1
178 483 1
178 573 1
178 599 1
178 707 1
178 835 1
179 187 1
179 199 1
179 349 1
179 359 1
179 416 1
179 437 1
179 505 1
179 562 1
179 721 1
179 781 1
179 851 1
179 865 1
179 998 1
180 255 1
180 258 1
180 261 1
180 271 1
180 420 1
180 438 1
180 571 1
180 638 1
180 782 1
180 800 1
180 836 1
180 963 1
181 184 1
181 258 1
181 280 1
181 323 1
181 453 1
181 458 1
181 666 1
181 778 1
181 928 1
182 220 1
182 516 1
182 569 1
182 630 1
182 800 1
182 801 1
183 320 1
183 360 1
183 493 1
183 511 1
183 681 1
183 735 1
184 459 1
184 468 1
184 514 1
184 522 1
184 554 1
184 576 1
184 677 1
185 198 1
185 365 1
185 376 1
185 733 1
185 748 1
185 750 1
185 786 1
185 951 1
186 267 1
186 287 1
186 298 1
186 715 1
186 876 1
186 882 1
186 897 1
186 983 1
187 391 1
187 452 1
187 485 1
187 603 1
187 817 1
187 955 1
187 978 1
188 222 1
188 239 1
188 253 1
188 485 1
188 698 1
188 797 1
188 971 1
189 220 1
189 293 1
189 353 1
189 382 1
189 646 1
189 659 1
189 689 1
189 744 1
189 848 1
190 267 1
190 275 1
190 639 1
190 669 1
190 687 1
190 762 1
190 873 1
191 229 1
191 319 1
191 432 1
191 491 1
191 511 1
191 518 1
191 676 1
191 709 1
191 766 1
191 784 1
191 798 1
191 820 1
192 315 1
192 345 1
192 392 1
192 409 1
192 533 1
192 711 1
192 780 1
193 445 1
193 491 1
193 536 1
193 629 1
193 689 1
193 707 1
193 750 1
193 752 1
193 755 1
194 286 1
194 554 1
194 579 1
194 581 1
194 634 1
194 647 1
194 679 1
194 782 1
194 877 1
194 954 1
194 983 1
195 415 1
195 434 1
195 521 1
195 677 1
195 726 1
195 774 1
195 799 1
196 209 1
196 235 1
196 326 1
196 423 1
196 548 1
196 668 1
196 815 1
196 880 1
197 398 1
197 427 1
197 629 1
197 802 1
197 930 1
197 932 1
197 955 1
198 410 1
198 481 1
198 518 1
198 669 1
198 716 1
198 726 1
198 766 1
199 234 1
199 264 1
199 377 1
199 495 1
199 559 1
199 641 1
199 707 1
199 787 1
199 835 1
199 896 1
199 909 1
200 319 1
200 598 1
200 816 1
200 871 1
200 967 1
201 366 1
201 592 1
201 629 1
201 652 1
201 710 1
201 726 1
201 769 1
202 248 1
202 347 1
202 368 1
202 515 1
202 553 1
202 690 1
202 731 1
202 737 1
202 868 1
202 935 1
203 271 1
203 526 1
203 571 1
203 591 1
203 956 1
204 411 1
204 516 1
204 693 1
204 844 1
204 864 1
205 231 1
205 623 1
205 688 1
205 730 1
205 785 1
205 827 1
205 954 1
206 217 1
206 242 1
206 246 1
206 261 1
206 329 1
206 410 1
206 488 1
206 502 1
206 549 1
206 557 1
206 579 1
206 620 1
206 676 1
206 707 1
206 783 1
206 790 1
207 312 1
207 336 1
207 377 1
207 386 1
207 430 1
207 451 1
207 663 1
207 807 1
207 824 1
207 877 1
207 903 1
208 439 1
208 450 1
208 477 1
208 505 1
208 651 1
208 776 1
208 780 1
208 832 1
208 858 1
209 230 1
209 303 1
209 438 1
209 623 1
209 751 1
209 761 1
209 768 1
209 784 1
209 882 1
210 370 1
210 373 1
210 585 1
210 797 1
211 476 1
211 507 1
211 585 1
211 687 1
211 712 1
211 886 1
211 898 1
212 365 1
212 409 1
212 703 1
212 762 1
213 333 1
213 434 1
213 641 1
213 801 1
213 834 1
213 846 1
213 862 1
214 230 1
214 389 1
214 640 1
214 760 1
214 853 1
215 235 1
215 301 1
215 315 1
215 403 1
215 497 1
215 624 1
215 736 1
215 759 1
216 505 1
216 585 1
216 662 1
216 687 1
216 885 1
217 301 1
217 319 1
217 415 1
217 499 1
217 513 1
217 569 1
217 617 1
217 919 1
218 235 1
218 475 1
218 516 1
218 699 1
218 775 1
218 801 1
218 866 1
218 911 1
218 928 1
219 252 1
219 358 1
219 365 1
219 514 1
219 521 1
219 849 1
219 885 1
220 443 1
220 525 1
220 634 1
220 684 1
221 373 1
221 551 1
221 557 1
221 614 1
221 905 1
222 251 1
222 351 1
222 399 1
222 535 1
222 565 1
222 587 1
222 595 1
223 366 1
223 370 1
223 612 1
223 753 1
223 776 1
223 815 1
223 883 1
223 934 1
223 994 1
224 233 1
224 404 1
224 534 1
224 535 1
224 537 1
224 559 1
224 580 1
224 694 1
224 709 1
224 720 1
224 884 1
224 988 1
225 455 1
225 605 1
225 736 1
225 768 1
225 941 1
225 971 1
226 330 1
226 426 1
226 450 1
226 483 1
226 510 1
226 580 1
226 800 1
226 950 1
226 951 1
226 970 1
226 972 1
227 270 1
227 318 1
227 358 1
227 832 1
227 909 1
228 283 1
228 320 1
228 412 1
228 455 1
228 614 1
228 644 1
228 796 1
228 859 1
228 865 1
228 961 1
228 963 1
228 998 1
229 255 1
229 631 1
229 795 1
229 966 1
230 315 1
230 322 1
230 323 1
230 356 1
230 362 1
230 372 1
230 512 1
230 515 1
230 543 1
230 617 1
230 932 1
231 239 1
231 263 1
231 305 1
231 380 1
231 518 1
231 558 1
231 645 1
231 743 1
231 756 1
231 851 1
231 981 1
232 253 1
232 339 1
232 494 1
232 581 1
232 735 1
232 823 1
232 962 1
233 311 1
233 374 1
233 408 1
233 568 1
233 591 1
233 595 1
233 707 1
233 724 1
233 780 1
233 782 1
233 794 1
233 838 1
233 841 1
234 245 1
234 358 1
234 407 1
234 439 1
234 467 1
234 542 1
234 615 1
234 695 1
234 781 1
234 929 1
235 251 1
235 262 1
235 282 1
235 637 1
235 639 1
235 670 1
235 691 1
235 695 1
235 800 1
235 807 1
235 878 1
235 916 1
236 290 1
236 378 1
236 405 1
236 540 1
236 580 1
236 679 1
236 821 1
236 943 1
236 971 1
237 259 1
237 280 1
237 327 1
237 509 1
237 545 1
237 643 1
237 646 1
237 748 1
237 847 1
237 948 1
238 241 1
238 271 1
238 403 1
238 466 1
238 545 1
238 614 1
238 670 1
238 682 1
238 808 1
238 928 1
239 534 1
239 675 1
239 830 1
239 930 1
239 989 1
240 325 1
240 625 1
240 632 1
240 712 1
241 274 1
241 286 1
241 431 1
241 469 1
241 636 1
241 794 1
241 796 1
241 808 1
241 823 1
241 930 1
241 931 1
242 295 1
242 343 1
242 420 1
242 588 1
242 740 1
242 771 1
242 806 1
242 878 1
243 258 1
243 326 1
243 373 1
243 385 1
243 397 1
243 464 1
243 557 1
243 579 1
243 582 1
243 704 1
244 327 1
244 470 1
244 565 1
244 580 1
244 723 1
245 256 1
245 324 1
245 405 1
245 700 1
245 822 1
246 563 1
246 737 1
246 820 1
246 934 1
246 994 1
247 304 1
247 466 1
247 514 1
247 612 1
247 738 1
247 802 1
247 815 1
247 993 1
248 357 1
248 379 1
248 953 1
249 379 1
249 408 1
249 527 1
249 711 1
249 886 1
250 262 1
250 376 1
250 640 1
250 705 1
250 949 1
250 967 1
251 266 1
251 336 1
251 343 1
251 495 1
251 588 1
251 734 1
251 827 1
251 870 1
251 960 1
252 364 1
252 515 1
252 710 1
252 783 1
253 262 1
253 317 1
253 362 1
253 394 1
253 428 1
253 487 1
253 527 1
254 288 1
254 427 1
254 474 1
254 541 1
254 987 1
255 314 1
255 448 1
256 301 1
256 351 1
256 374 1
256 510 1
256 585 1
256 687 1
256 910 1
256 956 1
257 396 1
257 518 1
257 782 1
257 787 1
257 874 1
257 941 1
257 947 1
258 284 1
258 455 1
258 463 1
258 651 1
258 657 1
258 703 1
258 892 1
258 918 1
258 992 1
259 299 1
259 332 1
259 374 1
259 534 1
259 566 1
259 628 1
259 674 1
259 896 1
260 313 1
260 600 1
260 612 1
260 648 1
260 951 1
260 956 1
261 312 1
261 313 1
261 359 1
261 446 1
261 626 1
261 652 1
261 763 1
261 856 1
261 928 1
261 971 1
262 500 1
262 508 1
262 543 1
262 596 1
262 620 1
262 675 1
262 712 1
262 937 1
262 938 1
263 576 1
263 671 1
263 825 1
263 830 1
263 893 1
263 918 1
263 934 1
263 951 1
264 406 1
264 417 1
264 433 1
264 623 1
264 899 1
264 913 1
265 297 1
265 309 1
265 362 1
265 485 1
265 784 1
265 857 1
265 894 1
266 333 1
266 491 1
266 791 1
266 933 1
267 289 1
267 337 1
267 367 1
267 498 1
267 699 1
267 923 1
267 939 1
268 674 1
268 708 1
268 781 1
268 849 1
269 361 1
269 380 1
269 422 1
269 427 1
269 441 1
269 450 1
269 501 1
269 516 1
269 566 1
269 585 1
269 641 1
269 660 1
269 846 1
269 919 1
270 794 1
270 899 1
271 447 1
271 536 1
271 557 1
271 591 1
271 703 1
271 704 1
272 304 1
272 527 1
272 597 1
272 702 1
272 710 1
272 721 1
272 966 1
273 349 1
273 444 1
273 448 1
273 698 1
273 774 1
273 852 1
273 891 1
274 317 1
274 469 1
274 616 1
274 752 1
274 835 1
274 881 1
274 977 1
275 409 1
275 597 1
275 616 1
275 708 1
275 817 1
275 833 1
275 861 1
275 882 1
275 902 1
275 922 1
276 351 1
276 617 1
276 714 1
276 818 1
276 823 1
276 835 1
276 841 1
276 845 1
276 938 1
276 963 1
277 324 1
277 499 1
277 517 1
277 594 1
277 763 1
277 997 1
278 336 1
278 397 1
278 586 1
278 750 1
278 889 1
278 902 1
278 979 1
279 336 1
279 434 1
279 436 1
279 448 1
279 471 1
279 517 1
279 695 1
279 703 1
279 890 1
279 914 1
280 409 1
280 528 1
280 566 1
280 677 1
280 709 1
280 740 1
281 299 1
281 450 1
281 526 1
281 567 1
281 606 1
281 652 1
281 826 1
281 913 1
282 439 1
282 448 1
282 500 1
282 535 1
282 644 1
282 703 1
282 750 1
282 776 1
282 911 1
282 960 1
283 531 1
283 743 1
283 798 1
283 929 1
284 312 1
284 323 1
284 327 1
284 439 1
284 442 1
284 634 1
284 648 1
284 730 1
284 756 1
284 782 1
284 825 1
285 294 1
285 330 1
285 412 1
285 414 1
285 562 1
285 587 1
285 790 1
285 905 1
285 946 1
286 356 1
286 413 1
286 668 1
286 867 1
286 941 1
286 977 1
287 373 1
287 378 1
287 396 1
287 480 1
287 561 1
287 657 1
287 695 1
287 835 1
288 382 1
288 389 1
288 421 1
288 539 1
288 599 1
288 682 1
288 936 1
288 974 1
289 376 1
289 377 1
289 414 1
289 528 1
289 535 1
289 697 1
289 742 1
290 323 1
290 397 1
290 561 1
290 603 1
290 664 1
290 773 1
290 844 1
290 905 1
290 927 1
290 981 1
291 422 1
291 498 1
291 701 1
291 734 1
291 784 1
291 896 1
291 926 1
292 374 1
292 481 1
292 490 1
292 680 1
292 716 1
292 743 1
292 915 1
292 985 1
292 990 1
293 298 1
293 362 1
293 685 1
293 755 1
293 772 1
293 820 1
293 851 1
293 868 1
293 884 1
293 890 1
294 307 1
294 348 1
294 454 1
294 562 1
294 565 1
294 700 1
294 856 1
294 928 1
294 962 1
295 309 1
295 336 1
295 342 1
295 430 1
295 453 1
295 460 1
295 576 1
295 616 1
295 678 1
295 850 1
295 895 1
295 955 1
296 322 1
296 578 1
296 584 1
296 667 1
296 749 1
296 774 1
296 915 1
297 373 1
297 400 1
297 558 1
297 746 1
297 755 1
297 807 1
297 837 1
297 838 1
297 842 1
297 982 1
298 372 1
298 552 1
298 596 1
298 642 1
298 824 1
299 324 1
299 364 1
299 400 1
299 499 1
299 666 1
299 711 1
299 723 1
299 920 1
299 958 1
300 351 1
300 352 1
300 468 1
300 511 1
300 631 1
300 687 1
300 749 1
300 848 1
300 969 1
301 353 1
301 420 1
301 442 1
301 477 1
301 665 1
301 676 1
301 763 1
301 876 1
301 879 1
302 386 1
302 399 1
302 532 1
302 578 1
302 663 1
302 917 1
303 435 1
303 511 1
303 723 1
303 755 1
303 793 1
304 307 1
304 427 1
304 685 1
305 565 1
305 603 1
305 669 1
305 693 1
305 700 1
305 757 1
305 920 1
306 510 1
306 521 1
306 543 1
306 602 1
306 814 1
307 312 1
307 491 1
307 624 1
307 719 1
307 832 1
307 840 1
307 854 1
308 362 1
308 507 1
308 678 1
308 806 1
308 903 1
309 483 1
309 524 1
309 624 1
310 316 1
310 352 1
310 382 1
310 421 1
310 443 1
310 498 1
310 536 1
310 561 1
310 677 1
310 691 1
310 704 1
310 738 1
310 745 1
310 839 1
311 392 1
311 492 1
311 624 1
311 754 1
311 860 1
312 426 1
312 496 1
312 517 1
312 548 1
312 557 1
312 666 1
312 850 1
312 943 1
313 832 1
313 926 1
314 396 1
314 448 1
314 505 1
314 520 1
314 553 1
314 675 1
314 710 1
314 811 1
314 975 1
315 514 1
315 793 1
315 835 1
315 840 1
315 896 1
316 344 1
316 462 1
316 476 1
316 765 1
316 845 1
316 849 1
317 793 1
317 805 1
317 824 1
317 917 1
317 921 1
318 497 1
318 500 1
318 666 1
318 709 1
318 802 1
318 848 1
318 973 1
318 998 1
319 447 1
319 529 1
319 544 1
319 608 1
319 759 1
319 770 1
319 791 1
320 383 1
320 463 1
320 537 1
320 626 1
320 697 1
321 389 1
321 485 1
321 572 1
321 585 1
321 652 1
321 725 1
321 744 1
322 475 1
322 638 1
322 776 1
322 859 1
322 875 1
322 920 1
322 997 1
323 337 1
323 383 1
323 516 1
323 544 1
323 616 1
323 636 1
323 644 1
323 739 1
323 938 1
324 372 1
324 487 1
324 520 1
324 533 1
324 607 1
324 880 1
324 995 1
325 350 1
325 364 1
325 399 1
325 450 1
325 578 1
325 826 1
325 927 1
325 958 1
326 356 1
326 473 1
326 481 1
326 562 1
326 610 1
326 708 1
326 735 1
326 759 1
326 760 1
326 884 1
327 479 1
327 525 1
327 541 1
327 562 1
327 622 1
327 696 1
327 881 1
327 911 1
327 914 1
328 442 1
328 477 1
328 584 1
328 695 1
328 779 1
328 902 1
328 912 1
328 950 1
328 976 1
329 332 1
329 622 1
329 985 1
330 689 1
330 760 1
330 855 1
330 984 1
331 409 1
331 609 1
331 864 1
331 953 1
332 379 1
332 588 1
333 359 1
333 456 1
333 576 1
333 699 1
333 744 1
333 771 1
333 826 1
333 923 1
333 950 1
334 572 1
334 593 1
334 594 1
334 668 1
334 786 1
334 808 1
334 894 1
334 910 1
334 931 1
335 372 1
335 514 1
335 617 1
335 671 1
335 677 1
335 768 1
335 770 1
335 772 1
335 873 1
336 504 1
336 588 1
336 599 1
336 725 1
336 753 1
336 759 1
336 980 1
337 661 1
337 707 1
337 896 1
338 392 1
338 535 1
338 554 1
338 645 1
338 754 1
339 425 1
339 565 1
339 601 1
339 616 1
339 868 1
340 421 1
340 501 1
340 638 1
340 758 1
340 764 1
340 845 1
340 989 1
341 352 1
341 393 1
341 399 1
341 482 1
341 557 1
341 563 1
341 609 1
341 837 1
341 841 1
341 901 1
341 988 1
342 356 1
342 756 1
342 766 1
342 790 1
342 797 1
342 799 1
342 921 1
342 982 1
342 989 1
343 605 1
343 626 1
343 803 1
343 854 1
343 881 1
344 370 1
344 510 1
344 513 1
344 710 1
344 943 1
345 391 1
345 448 1
345 639 1
345 650 1
346 378 1
346 393 1
346 472 1
346 650 1
346 687 1
346 701 1
346 961 1
347 408 1
347 601 1
347 674 1
347 679 1
347 695 1
347 885 1
347 932 1
347 936 1
347 977 1
348 355 1
348 362 1
348 451 1
348 499 1
348 534 1
348 542 1
348 739 1
348 806 1
348 887 1
348 908 1
349 526 1
349 561 1
349 572 1
349 588 1
349 717 1
349 885 1
350 380 1
350 394 1
350 432 1
350 461 1
350 473 1
350 479 1
350 585 1
350 593 1
350 765 1
350 793 1
350 873 1
350 964 1
351 367 1
351 448 1
351 540 1
351 561 1
351 693 1
351 726 1
351 849 1
352 586 1
352 661 1
352 851 1
352 852 1
352 865 1
352 907 1
353 562 1
353 657 1
353 679 1
353 843 1
353 858 1
353 880 1
353 988 1
354 407 1
354 428 1
354 432 1
354 543 1
354 755 1
354 821 1
354 997 1
355 388 1
355 434 1
355 701 1
355 805 1
355 842 1
356 406 1
356 491 1
356 506 1
356 509 1
356 545 1
356 592 1
356 645 1
356 710 1
356 849 1
357 408 1
357 448 1
357 574 1
357 879 1
357 996 1
358 414 1
358 453 1
358 475 1
358 506 1
358 524 1
358 657 1
358 675 1
358 712 1
358 772 1
358 971 1
358 982 1
359 394 1
359 404 1
359 506 1
359 650 1
359 654 1
359 665 1
359 889 1
359 922 1
359 968 1
360 402 1
360 406 1
360 476 1
360 540 1
360 726 1
360 756 1
360 776 1
360 891 1
360 940 1
361 492 1
361 680 1
361 775 1
361 877 1
361 908 1
361 990 1
362 425 1
362 523 1
362 701 1
362 743 1
363 491 1
363 587 1
363 684 1
363 759 1
363 793 1
363 806 1
363 818 1
363 907 1
364 370 1
364 406 1
364 418 1
364 502 1
364 547 1
364 971 1
364 977 1
365 998 1
366 430 1
366 611 1
366 707 1
366 914 1
366 939 1
367 427 1
367 475 1
367 502 1
367 574 1
367 683 1
367 771 1
367 990 1
368 409 1
368 480 1
368 546 1
368 661 1
368 741 1
368 806 1
369 589 1
369 665 1
369 745 1
369 840 1
369 928 1
369 948 1
369 989 1
370 439 1
370 555 1
370 655 1
370 667 1
370 680 1
370 908 1
371 556 1
371 575 1
371 827 1
371 878 1
371 916 1
372 509 1
372 616 1
372 849 1
372 855 1
373 476 1
373 619 1
373 785 1
373 849 1
373 880 1
373 982 1
374 573 1
374 687 1
374 732 1
374 740 1
374 916 1
375 687 1
375 723 1
375 790 1
375 830 1
375 862 1
375 922 1
375 944 1
376 478 1
376 524 1
376 680 1
376 745 1
376 801 1
376 823 1
376 964 1
376 989 1
376 999 1
377 446 1
377 474 1
377 488 1
377 603 1
377 868 1
377 958 1
378 451 1
378 458 1
378 601 1
378 650 1
378 805 1
378 818 1
378 964 1
379 393 1
379 428 1
379 505 1
379 809 1
379 833 1
380 562 1
380 720 1
380 777 1
380 810 1
380 837 1
380 927 1
381 439 1
381 497 1
381 513 1
381 649 1
381 981 1
382 559 1
382 592 1
382 632 1
382 640 1
382 645 1
382 704 1
382 783 1
382 870 1
382 991 1
383 558 1
383 970 1
384 444 1
384 787 1
384 816 1
385 465 1
385 508 1
385 651 1
385 683 1
385 691 1
385 771 1
385 973 1
386 529 1
386 614 1
386 647 1
386 709 1
386 995 1
387 524 1
387 839 1
387 841 1
387 853 1
387 940 1
388 614 1
388 815 1
388 887 1
389 413 1
389 461 1
389 568 1
389 686 1
389 713 1
389 841 1
389 974 1
390 419 1
390 625 1
390 699 1
390 849 1
390 863 1
390 877 1
390 952 1
391 417 1
391 899 1
391 997 1
392 458 1
392 575 1
392 890 1
393 566 1
393 697 1
393 738 1
393 763 1
394 509 1
394 615 1
394 816 1
394 835 1
395 417 1
395 519 1
395 557 1
395 566 1
395 737 1
395 881 1
395 886 1
396 661 1
396 753 1
396 945 1
396 997 1
397 408 1
397 420 1
397 471 1
397 669 1
397 814 1
397 872 1
397 916 1
398 436 1
398 453 1
398 546 1
398 631 1
398 714 1
398 717 1
398 814 1
398 846 1
398 912 1
398 941 1
398 976 1
399 426 1
399 489 1
399 533 1
399 535 1
399 589 1
399 757 1
399 780 1
399 789 1
399 805 1
399 940 1
400 958 1
400 965 1
401 698 1
401 760 1
401 926 1
402 462 1
402 606 1
402 741 1
402 772 1
402 809 1
402 924 1
403 587 1
403 759 1
403 797 1
403 799 1
403 887 1
403 948 1
404 591 1
404 979 1
405 460 1
405 538 1
405 698 1
405 732 1
405 739 1
405 817 1
406 498 1
406 508 1
406 704 1
406 846 1
406 893 1
406 934 1
406 965 1
407 565 1
407 673 1
407 676 1
407 850 1
407 861 1
407 958 1
407 973 1
408 431 1
408 450 1
408 479 1
408 837 1
409 598 1
409 751 1
409 767 1
409 839 1
410 440 1
410 441 1
410 472 1
410 553 1
410 573 1
411 604 1
411 841 1
411 895 1
411 904 1
411 928 1
411 996 1
412 473 1
412 596 1
412 657 1
412 694 1
412 710 1
412 794 1
412 804 1
412 822 1
412 859 1
413 668 1
413 971 1
414 449 1
414 542 1
414 562 1
414 568 1
414 582 1
414 633 1
414 974 1
415 554 1
415 563 1
415 672 1
415 717 1
415 735 1
415 797 1
415 850 1
415 858 1
415 871 1
416 625 1
416 846 1
416 975 1
416 979 1
417 523 1
417 530 1
417 606 1
417 711 1
417 713 1
417 775 1
417 848 1
418 464 1
418 569 1
418 714 1
418 883 1
418 928 1
418 948 1
418 951 1
419 473 1
419 701 1
419 806 1
419 869 1
419 879 1
419 966 1
420 521 1
420 567 1
420 592 1
420 594 1
420 669 1
420 742 1
420 751 1
420 761 1
420 768 1
420 938 1
420 941 1
421 460 1
421 577 1
421 699 1
421 723 1
421 753 1
421 762 1
421 802 1
421 835 1
421 855 1
421 868 1
421 975 1
422 626 1
422 642 1
422 670 1
422 683 1
422 709 1
422 710 1
422 778 1
422 965 1
422 988 1
423 550 1
423 645 1
423 660 1
423 698 1
423 766 1
423 810 1
423 823 1
423 926 1
424 470 1
424 558 1
424 902 1
425 561 1
425 625 1
425 730 1
425 837 1
425 874 1
425 915 1
426 545 1
426 612 1
426 674 1
426 699 1
426 811 1
426 970 1
427 608 1
427 834 1
428 464 1
428 482 1
428 508 1
428 609 1
428 687 1
428 752 1
428 945 1
428 965 1
429 479 1
429 514 1
429 717 1
429 755 1
429 787 1
429 918 1
429 958 1
430 516 1
430 525 1
430 532 1
430 552 1
430 787 1
430 851 1
430 968 1
430 975 1
431 521 1
431 582 1
431 770 1
431 893 1
431 918 1
432 556 1
432 954 1
433 628 1
433 675 1
433 695 1
433 767 1
433 808 1
433 864 1
434 503 1
434 685 1
434 750 1
434 966 1
435 481 1
435 491 1
435 632 1
435 637 1
435 805 1
435 814 1
436 543 1
436 684 1
436 761 1
436 840 1
437 582 1
437 637 1
437 704 1
437 769 1
437 859 1
437 946 1
437 953 1
438 443 1
438 501 1
438 590 1
438 649 1
438 730 1
438 734 1
438 815 1
438 835 1
438 837 1
438 838 1
438 842 1
438 859 1
438 886 1
439 481 1
439 570 1
439 680 1
439 703 1
439 718 1
439 873 1
439 912 1
439 952 1
440 573 1
440 711 1
440 716 1
440 861 1
440 901 1
440 902 1
440 903 1
441 461 1
441 581 1
441 636 1
441 728 1
441 813 1
441 899 1
442 630 1
442 711 1
442 823 1
442 870 1
443 520 1
443 772 1
443 843 1
444 469 1
444 711 1
444 735 1
444 866 1
444 966 1
445 516 1
445 576 1
445 581 1
445 653 1
445 749 1
445 883 1
445 959 1
446 450 1
446 495 1
446 505 1
446 533 1
446 573 1
446 695 1
446 785 1
446 931 1
447 677 1
447 797 1
447 802 1
447 900 1
447 927 1
448 596 1
448 759 1
448 803 1
448 833 1
448 947 1
449 657 1
449 771 1
449 836 1
449 859 1
449 879 1
449 930 1
449 996 1
450 473 1
450 487 1
450 507 1
450 557 1
450 634 1
450 645 1
450 700 1
450 759 1
450 853 1
451 784 1
451 890 1
452 500 1
452 581 1
452 597 1
452 602 1
452 671 1
452 698 1
453 558 1
453 606 1
453 787 1
453 925 1
453 981 1
454 561 1
454 672 1
454 698 1
454 796 1
454 847 1
454 888 1
455 554 1
455 625 1
455 683 1
455 856 1
456 583 1
456 678 1
456 703 1
457 565 1
457 656 1
457 791 1
457 885 1
457 900 1
457 957 1
458 571 1
458 585 1
458 633 1
458 787 1
458 796 1
458 911 1
459 663 1
459 671 1
459 711 1
459 823 1
459 875 1
459 985 1
460 689 1
460 693 1
460 792 1
460 900 1
461 464 1
461 613 1
461 721 1
461 893 1
461 984 1
462 562 1
462 710 1
462 848 1
462 898 1
463 515 1
463 529 1
463 664 1
463 964 1
464 473 1
464 583 1
464 585 1
464 839 1
464 921 1
464 971 1
464 988 1
465 491 1
465 549 1
465 551 1
465 598 1
465 714 1
466 540 1
466 574 1
466 680 1
466 798 1
466 852 1
466 934 1
467 481 1
467 486 1
467 847 1
467 999 1
468 572 1
468 581 1
468 660 1
468 749 1
468 814 1
468 953 1
469 607 1
469 803 1
469 806 1
469 822 1
469 932 1
470 738 1
470 758 1
470 790 1
470 796 1
470 930 1
470 965 1
471 615 1
471 629 1
472 880 1
472 979 1
473 487 1
473 538 1
473 600 1
473 852 1
473 853 1
474 503 1
474 685 1
474 840 1
474 863 1
474 958 1
474 969 1
475 548 1
475 582 1
475 851 1
476 484 1
476 614 1
476 797 1
476 853 1
477 622 1
477 644 1
477 731 1
477 870 1
477 936 1
477 941 1
478 508 1
478 761 1
478 835 1
479 540 1
479 615 1
479 630 1
479 785 1
479 832 1
479 885 1
480 613 1
480 626 1
480 673 1
480 706 1
480 718 1
480 723 1
480 786 1
480 878 1
480 905 1
480 914 1
480 916 1
480 962 1
480 991 1
481 573 1
481 687 1
481 771 1
481 803 1
481 816 1
481 899 1
481 941 1
481 969 1
481 990 1
481 991 1
481 996 1
482 615 1
482 656 1
482 956 1
483 493 1
483 522 1
483 683 1
483 684 1
483 980 1
484 639 1
484 750 1
484 901 1
484 933 1
484 972 1
485 674 1
485 814 1
485 896 1
486 624 1
486 735 1
486 749 1
486 753 1
486 784 1
486 939 1
486 980 1
487 494 1
487 575 1
487 608 1
487 630 1
487 649 1
487 739 1
487 773 1
487 818 1
487 917 1
487 991 1
488 496 1
488 506 1
488 507 1
488 668 1
488 711 1
488 725 1
488 743 1
488 800 1
488 867 1
489 496 1
489 641 1
489 658 1
489 711 1
489 870 1
490 676 1
490 792 1
490 804 1
490 894 1
491 533 1
491 542 1
491 662 1
491 764 1
492 755 1
492 786 1
492 883 1
492 913 1
492 923 1
493 644 1
493 659 1
493 712 1
493 777 1
494 546 1
494 576 1
494 594 1
494 639 1
494 673 1
495 498 1
495 499 1
495 547 1
495 623 1
495 733 1
495 790 1
495 808 1
495 877 1
495 973 1
496 543 1
496 631 1
496 991 1
496 997 1
497 613 1
497 614 1
497 643 1
497 814 1
497 932 1
498 618 1
498 861 1
498 887 1
498 980 1
498 986 1
499 785 1
499 818 1
499 894 1
499 895 1
500 528 1
500 562 1
500 568 1
500 643 1
500 770 1
500 873 1
500 981 1
501 512 1
501 834 1
502 622 1
502 646 1
502 680 1
502 767 1
503 581 1
503 662 1
504 525 1
504 541 1
504 570 1
504 573 1
504 576 1
504 585 1
504 635 1
504 639 1
504 716 1
504 725 1
504 807 1
504 988 1
505 639 1
505 698 1
505 848 1
505 973 1
506 578 1
506 755 1
506 803 1
506 855 1
506 939 1
507 786 1
507 795 1
508 530 1
508 770 1
508 906 1
508 949 1
509 625 1
509 646 1
509 649 1
509 721 1
509 767 1
510 602 1
510 606 1
511 548 1
511 556 1
511 568 1
511 682 1
511 727 1
511 850 1
511 864 1
512 516 1
512 560 1
512 652 1
512 995 1
513 575 1
513 582 1
513 664 1
513 846 1
513 878 1
513 945 1
513 953 1
513 977 1
513 990 1
514 528 1
514 569 1
514 571 1
514 737 1
514 744 1
514 816 1
514 946 1
515 523 1
515 622 1
515 685 1
515 705 1
515 726 1
515 779 1
515 926 1
515 938 1
516 646 1
516 701 1
516 705 1
516 729 1
517 639 1
517 837 1
517 955 1
518 658 1
518 745 1
518 846 1
518 944 1
519 565 1
519 566 1
519 640 1
519 907 1
519 920 1
519 935 1
520 545 1
520 674 1
520 689 1
520 759 1
520 768 1
520 809 1
520 891 1
520 898 1
520 994 1
521 570 1
521 810 1
521 886 1
521 927 1
521 934 1
521 950 1
521 984 1
522 619 1
522 810 1
522 822 1
522 915 1
523 602 1
523 678 1
523 726 1
523 898 1
523 928 1
524 587 1
524 622 1
524 771 1
524 836 1
524 911 1
525 589 1
525 599 1
525 816 1
525 820 1
525 923 1
525 926 1
525 934 1
525 981 1
525 998 1
526 730 1
526 755 1
526 818 1
526 931 1
526 934 1
527 613 1
527 615 1
527 620 1
527 941 1
528 647 1
528 909 1
529 531 1
529 622 1
529 721 1
529 752 1
529 762 1
529 812 1
529 842 1
529 856 1
529 862 1
530 538 1
530 634 1
530 642 1
530 791 1
530 820 1
530 881 1
531 546 1
531 660 1
531 811 1
531 907 1
531 977 1
532 663 1
532 808 1
532 831 1
532 855 1
533 783 1
533 821 1
533 990 1
534 596 1
534 723 1
534 836 1
534 948 1
535 568 1
535 617 1
535 650 1
535 721 1
535 723 1
535 759 1
535 852 1
535 964 1
535 967 1
536 725 1
536 865 1
536 952 1
536 966 1
537 585 1
537 737 1
537 856 1
537 901 1
538 607 1
538 681 1
538 829 1
538 840 1
538 948 1
539 563 1
539 575 1
539 752 1
540 561 1
540 734 1
540 923 1
541 542 1
541 561 1
541 614 1
541 673 1
541 714 1
541 755 1
541 828 1
541 854 1
541 891 1
541 997 1
542 591 1
542 610 1
542 627 1
542 736 1
542 739 1
542 878 1
542 935 1
543 562 1
543 651 1
543 721 1
543 741 1
543 819 1
543 821 1
543 855 1
543 877 1
543 883 1
544 904 1
545 637 1
545 701 1
545 749 1
545 792 1
545 823 1
546 756 1
546 930 1
547 577 1
547 640 1
547 671 1
547 718 1
547 869 1
547 895 1
548 624 1
548 645 1
548 747 1
548 792 1
548 809 1
548 823 1
548 932 1
549 793 1
549 953 1
550 684 1
550 716 1
550 946 1
550 990 1
551 627 1
551 636 1
551 701 1
552 678 1
552 816 1
552 924 1
552 965 1
553 626 1
553 660 1
553 685 1
553 751 1
553 846 1
553 897 1
553 898 1
553 945 1
553 956 1
553 979 1
554 610 1
554 655 1
554 689 1
554 692 1
554 877 1
555 737 1
556 597 1
556 809 1
556 831 1
556 992 1
557 571 1
557 712 1
557 878 1
558 570 1
558 592 1
558 802 1
559 579 1
559 662 1
559 862 1
559 884 1
559 972 1
560 935 1
560 948 1
560 994 1
561 662 1
561 683 1
561 722 1
561 978 1
562 635 1
562 663 1
562 716 1
562 727 1
562 818 1
563 570 1
563 624 1
563 940 1
564 803 1
564 889 1
565 727 1
565 959 1
566 633 1
566 793 1
566 861 1
566 874 1
567 650 1
567 753 1
567 763 1
567 850 1
567 933 1
567 985 1
568 725 1
568 784 1
568 974 1
569 643 1
569 663 1
569 810 1
569 871 1
569 940 1
570 666 1
570 751 1
570 903 1
571 637 1
571 711 1
571 755 1
571 777 1
571 945 1
572 668 1
572 694 1
573 582 1
573 599 1
573 711 1
573 714 1
573 774 1
573 805 1
573 838 1
574 642 1
574 687 1
574 772 1
574 826 1
574 896 1
574 997 1
575 852 1
575 905 1
575 981 1
576 583 1
576 627 1
576 661 1
576 714 1
576 846 1
576 861 1
576 901 1
576 941 1
577 608 1
577 718 1
577 872 1
577 899 1
578 724 1
578 963 1
579 626 1
579 811 1
579 860 1
579 892 1
579 954 1
580 622 1
580 628 1
580 744 1
580 762 1
580 787 1
580 896 1
581 616 1
581 650 1
581 658 1
581 724 1
581 786 1
581 791 1
581 918 1
581 952 1
581 958 1
583 590 1
583 789 1
583 875 1
583 903 1
584 715 1
584 854 1
584 910 1
585 588 1
585 754 1
585 802 1
585 944 1
585 953 1
586 689 1
586 772 1
586 934 1
587 806 1
587 853 1
587 924 1
588 596 1
588 800 1
588 955 1
589 726 1
589 803 1
589 816 1
589 883 1
590 595 1
590 686 1
590 739 1
590 994 1
591 645 1
591 678 1
591 706 1
591 769 1
592 651 1
592 671 1
592 680 1
592 711 1
592 731 1
592 843 1
593 659 1
593 758 1
593 787 1
593 806 1
593 819 1
593 897 1
593 902 1
593 920 1
593 993 1
594 618 1
594 665 1
594 746 1
594 763 1
594 810 1
594 827 1
594 876 1
594 900 1
595 602 1
595 619 1
595 820 1
595 880 1
596 668 1
596 705 1
596 805 1
596 844 1
597 614 1
597 664 1
597 831 1
597 878 1
597 946 1
598 605 1
598 804 1
598 979 1
599 641 1
599 698 1
599 752 1
599 757 1
600 717 1
600 769 1
601 657 1
601 754 1
601 815 1
601 847 1
601 861 1
601 882 1
602 653 1
602 732 1
602 961 1
603 670 1
603 716 1
603 886 1
603 888 1
603 921 1
604 656 1
604 665 1
604 702 1
604 749 1
604 812 1
604 869 1
604 879 1
604 926 1
605 621 1
605 832 1
605 950 1
605 967 1
606 631 1
606 670 1
606 842 1
606 908 1
606 972 1
607 715 1
608 636 1
608 746 1
608 790 1
608 796 1
608 852 1
608 942 1
609 642 1
609 643 1
609 777 1
609 816 1
609 875 1
609 946 1
610 648 1
610 904 1
611 660 1
611 685 1
611 753 1
611 774 1
611 802 1
611 812 1
612 709 1
612 714 1
612 788 1
612 829 1
612 831 1
613 694 1
613 706 1
613 843 1
613 928 1
613 994 1
614 619 1
614 667 1
614 726 1
614 889 1
615 713 1
615 871 1
615 992 1
616 622 1
616 839 1
616 979 1
617 628 1
617 648 1
617 714 1
617 795 1
617 830 1
617 843 1
617 907 1
617 966 1
618 643 1
618 882 1
618 909 1
619 722 1
619 811 1
619 844 1
621 652 1
621 731 1
621 827 1
621 925 1
622 841 1
622 843 1
622 849 1
622 860 1
623 805 1
623 993 1
624 722 1
624 953 1
625 756 1
625 899 1
626 878 1
626 968 1
626 981 1
627 937 1
628 777 1
628 896 1
628 913 1
628 988 1
629 630 1
629 776 1
629 851 1
629 995 1
630 749 1
630 770 1
630 846 1
631 768 1
631 805 1
631 899 1
631 900 1
631 980 1
631 985 1
632 653 1
632 676 1
632 803 1
632 809 1
632 953 1
633 756 1
633 797 1
633 818 1
634 791 1
634 885 1
634 958 1
635 652 1
635 750 1
635 879 1
635 936 1
635 965 1
636 663 1
636 770 1
636 800 1
636 841 1
636 862 1
636 891 1
636 915 1
636 946 1
637 683 1
637 722 1
638 655 1
638 679 1
638 783 1
638 874 1
638 919 1
638 956 1
638 992 1
639 921 1
639 939 1
639 955 1
639 968 1
640 746 1
640 754 1
640 777 1
640 897 1
640 909 1
640 938 1
641 701 1
641 713 1
641 862 1
641 892 1
641 976 1
642 653 1
642 678 1
642 690 1
642 807 1
642 874 1
642 972 1
643 687 1
643 772 1
643 929 1
644 673 1
644 781 1
645 658 1
645 668 1
645 684 1
645 788 1
645 846 1
645 956 1
645 972 1
646 734 1
646 766 1
647 661 1
647 717 1
647 844 1
647 942 1
647 953 1
649 676 1
649 718 1
649 723 1
649 773 1
649 856 1
649 926 1
649 931 1
649 957 1
650 689 1
650 752 1
650 856 1
650 899 1
651 662 1
651 693 1
651 757 1
651 797 1
651 852 1
651 877 1
651 945 1
652 654 1
652 720 1
652 830 1
652 837 1
652 988 1
653 838 1
653 865 1
653 896 1
653 917 1
653 983 1
654 836 1
654 859 1
654 900 1
655 763 1
655 807 1
655 832 1
655 873 1
655 940 1
655 985 1
656 785 1
656 797 1
656 919 1
657 665 1
657 684 1
657 725 1
657 744 1
657 746 1
657 782 1
657 966 1
658 786 1
658 795 1
658 910 1
659 728 1
659 839 1
659 856 1
659 864 1
659 890 1
660 692 1
660 844 1
661 704 1
661 755 1
661 949 1
662 690 1
663 753 1
663 846 1
663 938 1
664 751 1
664 821 1
664 835 1
664 889 1
664 894 1
665 691 1
665 753 1
665 846 1
666 689 1
666 769 1
666 772 1
666 805 1
666 977 1
667 719 1
667 732 1
667 907 1
668 720 1
668 772 1
668 793 1
668 976 1
669 704 1
669 841 1
669 868 1
669 974 1
670 730 1
670 769 1
670 790 1
670 799 1
670 801 1
670 843 1
670 962 1
671 889 1
671 899 1
671 999 1
672 820 1
672 844 1
672 984 1
673 676 1
673 709 1
673 732 1
673 756 1
673 877 1
673 984 1
674 742 1
674 746 1
674 859 1
674 893 1
674 952 1
674 961 1
674 998 1
675 797 1
675 815 1
677 838 1
677 873 1
677 953 1
678 779 1
678 853 1
678 936 1
679 772 1
679 918 1
679 922 1
680 772 1
680 774 1
680 880 1
681 781 1
681 822 1
681 896 1
681 976 1
682 696 1
682 829 1
682 838 1
682 975 1
683 802 1
683 972 1
684 686 1
684 904 1
684 920 1
685 704 1
685 754 1
685 810 1
685 878 1
686 978 1
687 727 1
687 840 1
687 921 1
687 923 1
688 699 1
688 794 1
688 928 1
688 957 1
688 961 1
689 729 1
689 875 1
689 897 1
691 712 1
691 742 1
691 771 1
691 858 1
692 701 1
692 760 1
692 860 1
692 900 1
693 724 1
693 830 1
693 838 1
693 864 1
693 958 1
694 771 1
694 966 1
695 712 1
695 792 1
695 802 1
695 817 1
695 914 1
696 808 1
697 816 1
697 943 1
697 983 1
698 768 1
698 837 1
698 900 1
699 805 1
699 875 1
699 897 1
699 951 1
700 809 1
701 744 1
701 854 1
703 708 1
703 770 1
704 785 1
704 829 1
704 833 1
705 798 1
706 955 1
707 721 1
707 848 1
708 744 1
708 916 1
708 926 1
709 750 1
709 811 1
709 884 1
709 913 1
711 800 1
711 817 1
711 829 1
711 898 1
711 939 1
712 881 1
713 723 1
713 787 1
713 850 1
713 946 1
715 814 1
715 885 1
715 911 1
715 917 1
716 842 1
716 847 1
716 862 1
716 963 1
716 971 1
717 728 1
717 812 1
717 824 1
718 744 1
718 886 1
719 720 1
719 722 1
719 729 1
719 753 1
719 851 1
719 981 1
720 892 1
721 743 1
721 969 1
722 841 1
722 890 1
723 900 1
724 871 1
724 951 1
725 755 1
726 895 1
727 812 1
727 988 1
728 840 1
728 953 1
729 774 1
729 848 1
729 861 1
729 874 1
729 880 1
729 996 1
729 999 1
730 867 1
730 889 1
730 909 1
731 732 1
731 931 1
731 972 1
732 748 1
732 830 1
733 809 1
733 942 1
734 763 1
734 797 1
735 801 1
735 805 1
736 762 1
736 806 1
736 879 1
736 901 1
737 949 1
738 871 1
738 908 1
739 947 1
739 976 1
740 771 1
740 892 1
740 982 1
741 855 1
741 888 1
741 961 1
742 751 1
742 914 1
742 963 1
742 981 1
743 787 1
743 803 1
743 811 1
743 905 1
744 930 1
745 783 1
745 814 1
745 957 1
745 964 1
745 987 1
746 946 1
746 974 1
746 988 1
747 798 1
748 943 1
748 958 1
748 980 1
749 809 1
750 866 1
750 910 1
750 932 1
750 952 1
750 988 1
751 905 1
751 986 1
752 887 1
754 941 1
755 914 1
755 945 1
755 960 1
756 765 1
756 888 1
756 936 1
757 846 1
758 857 1
758 897 1
758 936 1
759 962 1
760 798 1
760 882 1
760 963 1
760 994 1
761 850 1
762 910 1
762 918 1
763 789 1
763 962 1
764 939 1
765 969 1
765 987 1
766 936 1
766 965 1
768 994 1
770 842 1
770 867 1
770 950 1
770 952 1
772 777 1
772 808 1
772 836 1
772 951 1
773 802 1
773 820 1
773 838 1
773 845 1
775 878 1
776 898 1
776 979 1
777 780 1
777 910 1
777 997 1
780 876 1
780 895 1
780 914 1
781 873 1
782 899 1
782 963 1
783 798 1
783 825 1
783 857 1
783 922 1
783 989 1
784 828 1
784 853 1
784 959 1
784 984 1
784 985 1
785 828 1
786 933 1
787 834 1
787 898 1
787 928 1
788 922 1
788 928 1
789 881 1
789 909 1
791 988 1
792 954 1
793 813 1
793 968 1
793 983 1
794 805 1
794 913 1
795 828 1
795 909 1
795 992 1
796 819 1
797 878 1
797 911 1
797 962 1
798 948 1
798 961 1
799 949 1
800 933 1
801 891 1
801 965 1
803 824 1
803 892 1
803 926 1
804 957 1
804 980 1
805 819 1
805 904 1
807 898 1
808 826 1
808 848 1
808 875 1
808 897 1
808 913 1
809 813 1
809 815 1
809 913 1
809 968 1
809 992 1
810 954 1
810 960 1
811 942 1
813 847 1
813 859 1
813 896 1
813 899 1
813 995 1
815 872 1
815 915 1
816 838 1
816 968 1
817 877 1
817 942 1
817 959 1
817 976 1
820 865 1
821 884 1
822 850 1
822 881 1
822 920 1
823 893 1
826 853 1
826 855 1
827 882 1
827 948 1
827 973 1
828 913 1
830 957 1
831 937 1
831 944 1
832 950 1
833 940 1
833 971 1
834 911 1
835 960 1
835 962 1
836 971 1
837 888 1
837 950 1
837 977 1
837 993 1
839 856 1
839 865 1
840 847 1
840 919 1
843 854 1
844 848 1
844 862 1
844 942 1
844 953 1
844 990 1
845 951 1
846 906 1
847 965 1
850 854 1
850 981 1
850 983 1
851 868 1
851 914 1
851 986 1
852 860 1
853 910 1
854 925 1
854 997 1
855 886 1
855 954 1
856 879 1
856 937 1
858 887 1
858 908 1
858 921 1
859 927 1
859 932 1
860 959 1
862 935 1
862 983 1
863 894 1
863 901 1
864 957 1
865 979 1
866 885 1
869 937 1
869 954 1
870 926 1
873 976 1
873 995 1
874 973 1
875 986 1
876 907 1
876 950 1
877 893 1
878 989 1
880 968 1
883 898 1
884 924 1
884 930 1
884 976 1
886 994 1
887 924 1
887 956 1
888 889 1
893 903 1
894 937 1
895 905 1
896 982 1
897 924 1
898 908 1
900 947 1
901 935 1
901 967 1
902 930 1
906 913 1
907 910 1
911 950 1
912 952 1
913 995 1
916 943 1
916 962 1
916 986 1
917 954 1
919 976 1
919 993 1
921 944 1
921 987 1
922 949 1
923 935 1
924 993 1
925 985 1
928 998 1
929 938 1
930 959 1
931 992 1
932 944 1
932 989 1
935 982 1
936 997 1
938 957 1
941 995 1
944 971 1
945 966 1
946 971 1
947 956 1
947 966 1
951 976 1
952 988 1
956 961 1
957 992 1
962 969 1
967 995 1
984 996 1
985 999 1
