1000 4935
0 246 1
0 261 1
0 329 1
0 485 1
0 676 1
0 753 1
0 939 1
1 68 1
1 265 1
1 323 1
1 392 1
1 599 1
1 933 1
2 171 1
2 175 1
2 242 1
2 279 1
2 545 1
2 650 1
2 709 1
2 728 1
2 801 1
2 806 1
2 942 1
3 248 1
3 354 1
3 387 1
3 435 1
4 70 1
4 145 1
4 212 1
4 215 1
4 408 1
4 473 1
4 517 1
4 563 1
5 75 1
5 306 1
5 360 1
5 406 1
5 439 1
5 779 1
5 840 1
5 917 1
5 924 1
5 937 1
6 267 1
6 308 1
6 319 1
6 344 1
6 389 1
6 850 1
6 901 1
6 960 1
6 962 1
7 75 1
7 122 1
7 123 1
7 198 1
7 217 1
7 263 1
7 497 1
7 508 1
7 619 1
7 726 1
7 737 1
7 798 1
7 884 1
7 920 1
7 951 1
8 176 1
8 461 1
8 491 1
8 672 1
8 873 1
8 884 1
9 70 1
9 157 1
9 255 1
9 271 1
9 426 1
9 518 1
9 590 1
9 789 1
9 836 1
9 954 1
9 967 1
10 89 1
10 296 1
10 313 1
10 320 1
10 657 1
10 855 1
11 12 1
11 318 1
11 402 1
11 475 1
11 525 1
11 539 1
11 657 1
12 64 1
12 333 1
12 508 1
12 760 1
12 772 1
12 862 1
12 926 1
13 45 1
13 102 1
13 117 1
13 373 1
13 397 1
13 405 1
13 657 1
13 816 1
13 976 1
14 89 1
14 170 1
14 305 1
14 329 1
14 382 1
14 405 1
14 433 1
14 532 1
14 576 1
14 671 1
14 673 1
14 679 1
14 747 1
14 810 1
14 854 1
14 857 1
14 864 1
14 999 1
15 521 1
15 734 1
15 904 1
15 936 1
15 972 1
15 977 1
16 208 1
16 511 1
16 976 1
17 93 1
17 104 1
17 116 1
17 467 1
17 489 1
17 723 1
17 769 1
17 773 1
17 824 1
17 838 1
17 892 1
17 925 1
17 952 1
17 972 1
18 19 1
18 108 1
18 116 1
18 137 1
18 171 1
18 470 1
18 495 1
18 567 1
18 665 1
18 683 1
18 806 1
18 866 1
18 933 1
18 987 1
19 227 1
19 300 1
19 350 1
19 594 1
19 738 1
20 239 1
20 292 1
20 670 1
20 748 1
20 828 1
20 910 1
20 979 1
20 987 1
21 47 1
21 187 1
21 316 1
21 335 1
21 352 1
21 411 1
21 466 1
21 552 1
21 643 1
21 675 1
21 710 1
21 941 1
21 951 1
22 51 1
22 100 1
22 221 1
22 294 1
22 330 1
22 445 1
22 679 1
22 741 1
22 934 1
23 55 1
23 128 1
23 143 1
23 235 1
23 286 1
23 302 1
23 361 1
23 572 1
23 694 1
23 804 1
24 28 1
24 85 1
24 338 1
24 633 1
25 189 1
25 478 1
25 505 1
25 600 1
25 619 1
25 633 1
25 717 1
25 872 1
26 152 1
26 294 1
26 355 1
26 374 1
26 530 1
26 580 1
26 592 1
26 635 1
26 784 1
26 801 1
26 844 1
27 66 1
27 89 1
27 219 1
27 270 1
27 272 1
27 278 1
27 518 1
27 562 1
27 680 1
27 724 1
27 753 1
27 771 1
27 879 1
28 375 1
28 578 1
28 612 1
28 701 1
28 918 1
28 936 1
28 963 1
29 111 1
29 117 1
29 208 1
29 241 1
29 315 1
29 602 1
29 641 1
29 780 1
29 807 1
29 841 1
29 923 1
29 937 1
29 957 1
30 32 1
30 119 1
30 251 1
30 273 1
30 374 1
30 484 1
30 653 1
30 666 1
30 837 1
31 46 1
31 132 1
31 253 1
31 469 1
31 685 1
32 117 1
32 137 1
32 323 1
32 531 1
32 587 1
32 669 1
32 722 1
32 876 1
32 884 1
32 893 1
32 896 1
32 908 1
32 951 1
32 968 1
33 82 1
33 258 1
33 441 1
33 484 1
33 615 1
33 663 1
33 767 1
33 777 1
34 117 1
34 143 1
34 172 1
34 278 1
34 327 1
34 491 1
34 542 1
34 552 1
34 643 1
34 889 1
35 196 1
35 583 1
35 745 1
35 820 1
35 872 1
35 982 1
36 155 1
36 218 1
36 342 1
36 377 1
36 409 1
36 422 1
36 476 1
36 509 1
36 526 1
36 532 1
36 620 1
36 768 1
36 803 1
36 824 1
36 842 1
36 870 1
36 883 1
36 946 1
36 948 1
37 72 1
37 202 1
37 229 1
37 294 1
37 446 1
37 451 1
37 519 1
37 528 1
37 751 1
37 815 1
37 867 1
37 892 1
37 961 1
38 227 1
38 365 1
38 490 1
38 515 1
38 566 1
38 661 1
38 738 1
38 767 1
38 779 1
38 996 1
39 59 1
39 285 1
39 445 1
39 682 1
39 695 1
39 709 1
39 802 1
39 855 1
39 888 1
39 901 1
39 956 1
39 961 1
39 966 1
40 146 1
40 167 1
40 315 1
40 413 1
40 503 1
40 587 1
40 872 1
40 874 1
40 984 1
41 165 1
41 251 1
41 254 1
41 323 1
41 393 1
41 428 1
41 491 1
41 575 1
41 635 1
41 637 1
41 654 1
41 701 1
41 704 1
41 720 1
41 758 1
41 763 1
41 830 1
41 831 1
41 910 1
42 161 1
42 186 1
42 286 1
42 580 1
42 623 1
42 666 1
42 866 1
43 46 1
43 88 1
43 90 1
43 334 1
43 475 1
43 634 1
43 664 1
43 736 1
43 906 1
44 48 1
44 79 1
44 107 1
44 223 1
44 299 1
44 320 1
44 451 1
44 642 1
44 656 1
44 692 1
44 693 1
44 694 1
45 54 1
45 105 1
45 165 1
45 240 1
45 309 1
45 488 1
45 538 1
45 730 1
46 143 1
46 423 1
46 474 1
46 635 1
46 716 1
46 718 1
46 758 1
46 838 1
46 881 1
47 130 1
47 312 1
47 403 1
47 497 1
47 698 1
47 747 1
48 83 1
48 263 1
48 306 1
48 344 1
48 580 1
48 608 1
48 681 1
48 706 1
48 737 1
48 805 1
48 993 1
49 103 1
49 200 1
49 250 1
49 298 1
49 420 1
49 498 1
49 629 1
49 630 1
49 733 1
49 781 1
49 862 1
49 934 1
50 133 1
50 196 1
50 249 1
50 335 1
50 368 1
50 435 1
50 445 1
50 484 1
50 578 1
50 902 1
50 909 1
50 936 1
50 937 1
50 975 1
51 219 1
51 246 1
51 342 1
51 531 1
51 545 1
51 692 1
51 878 1
51 881 1
52 299 1
52 388 1
52 501 1
52 586 1
52 712 1
52 747 1
53 238 1
53 342 1
53 400 1
53 414 1
53 467 1
53 510 1
53 560 1
53 608 1
53 719 1
53 831 1
54 74 1
54 78 1
54 143 1
54 287 1
54 532 1
54 589 1
54 813 1
54 988 1
54 989 1
55 63 1
55 230 1
55 287 1
55 418 1
55 498 1
55 606 1
55 758 1
55 953 1
56 251 1
56 275 1
56 378 1
56 474 1
56 509 1
56 639 1
56 764 1
57 241 1
57 301 1
57 387 1
57 389 1
57 829 1
57 908 1
57 957 1
57 990 1
58 102 1
58 303 1
58 344 1
58 456 1
58 507 1
58 884 1
58 985 1
59 270 1
59 287 1
59 348 1
59 478 1
59 513 1
59 555 1
59 986 1
60 125 1
60 383 1
60 471 1
60 476 1
60 694 1
60 699 1
60 882 1
61 169 1
61 174 1
61 228 1
61 578 1
61 791 1
61 910 1
62 214 1
62 236 1
62 278 1
62 311 1
62 479 1
62 793 1
63 153 1
63 208 1
63 243 1
63 306 1
63 402 1
63 759 1
63 980 1
64 383 1
64 403 1
64 443 1
64 633 1
64 885 1
64 903 1
64 972 1
65 178 1
65 202 1
65 260 1
65 335 1
65 462 1
65 515 1
65 563 1
65 675 1
65 871 1
65 927 1
66 132 1
66 487 1
66 547 1
66 568 1
66 738 1
66 809 1
66 899 1
66 937 1
66 991 1
67 208 1
67 231 1
67 316 1
67 365 1
67 535 1
67 546 1
67 556 1
67 635 1
67 703 1
67 790 1
67 877 1
67 996 1
68 114 1
68 127 1
68 198 1
68 291 1
68 603 1
68 806 1
68 822 1
68 884 1
68 885 1
68 925 1
68 986 1
69 102 1
69 183 1
69 249 1
69 278 1
69 295 1
69 296 1
69 413 1
69 622 1
69 659 1
69 716 1
69 814 1
69 915 1
69 928 1
70 179 1
70 232 1
70 246 1
70 351 1
70 430 1
70 475 1
70 487 1
70 629 1
70 828 1
70 951 1
70 983 1
71 166 1
71 248 1
71 258 1
71 271 1
71 404 1
71 477 1
71 508 1
71 617 1
71 702 1
71 832 1
71 925 1
71 984 1
71 995 1
72 99 1
72 138 1
72 180 1
72 210 1
72 256 1
72 271 1
72 403 1
72 419 1
72 633 1
72 636 1
72 864 1
72 997 1
73 146 1
73 172 1
73 600 1
73 744 1
73 880 1
74 89 1
74 396 1
74 575 1
74 587 1
74 909 1
74 959 1
75 214 1
75 251 1
75 520 1
75 743 1
75 871 1
76 180 1
76 249 1
76 257 1
76 372 1
76 459 1
76 491 1
76 726 1
76 774 1
77 254 1
77 302 1
77 422 1
77 504 1
77 562 1
77 735 1
77 798 1
77 854 1
77 944 1
78 231 1
78 288 1
78 352 1
78 422 1
78 535 1
78 633 1
78 660 1
78 794 1
78 814 1
78 912 1
79 310 1
79 492 1
79 507 1
79 576 1
79 614 1
79 626 1
79 693 1
79 741 1
79 857 1
79 920 1
80 196 1
80 252 1
80 644 1
80 670 1
80 716 1
80 802 1
81 124 1
81 134 1
81 163 1
81 170 1
81 202 1
81 213 1
81 333 1
81 442 1
81 503 1
81 776 1
81 829 1
81 847 1
81 998 1
82 122 1
82 193 1
82 484 1
82 504 1
82 558 1
82 571 1
82 788 1
82 923 1
82 981 1
83 116 1
83 217 1
83 405 1
83 650 1
84 126 1
84 273 1
84 375 1
84 399 1
84 469 1
84 475 1
84 614 1
84 620 1
84 648 1
84 724 1
84 751 1
84 811 1
84 881 1
84 922 1
84 931 1
85 227 1
85 368 1
85 382 1
85 455 1
85 468 1
85 487 1
85 538 1
85 556 1
85 715 1
85 962 1
85 973 1
86 180 1
86 199 1
86 309 1
86 322 1
86 385 1
86 628 1
86 811 1
86 827 1
86 875 1
87 112 1
87 141 1
87 241 1
87 277 1
87 384 1
87 419 1
87 490 1
87 492 1
87 549 1
87 563 1
87 600 1
87 728 1
87 892 1
87 903 1
88 484 1
88 535 1
88 539 1
88 610 1
88 672 1
88 699 1
88 754 1
88 866 1
89 129 1
89 263 1
89 313 1
89 337 1
89 373 1
89 435 1
89 506 1
89 682 1
89 878 1
90 119 1
90 328 1
90 516 1
90 595 1
90 655 1
90 677 1
90 801 1
90 938 1
91 105 1
91 121 1
91 123 1
91 279 1
91 513 1
91 691 1
91 957 1
92 228 1
92 400 1
92 645 1
92 962 1
93 94 1
93 338 1
93 349 1
93 436 1
93 866 1
94 183 1
94 434 1
94 440 1
94 453 1
94 505 1
94 548 1
94 561 1
94 573 1
94 640 1
94 820 1
94 908 1
94 920 1
95 171 1
95 228 1
95 316 1
95 317 1
95 363 1
95 394 1
95 437 1
95 548 1
95 782 1
95 801 1
95 851 1
95 870 1
95 875 1
95 931 1
95 944 1
95 984 1
96 424 1
96 495 1
96 501 1
96 607 1
96 641 1
96 722 1
96 792 1
96 833 1
96 847 1
96 896 1
96 993 1
96 997 1
97 191 1
97 237 1
97 355 1
97 363 1
97 661 1
97 803 1
97 927 1
97 930 1
97 955 1
98 212 1
98 224 1
98 355 1
98 482 1
98 721 1
98 944 1
98 990 1
99 139 1
99 152 1
99 230 1
99 284 1
99 465 1
99 504 1
99 567 1
99 672 1
99 853 1
99 932 1
100 273 1
100 300 1
100 409 1
100 533 1
100 538 1
100 664 1
100 833 1
100 890 1
101 150 1
101 287 1
101 305 1
101 371 1
101 711 1
101 769 1
101 792 1
101 918 1
102 166 1
102 219 1
102 354 1
102 521 1
102 581 1
102 631 1
102 750 1
102 806 1
102 849 1
103 132 1
103 201 1
103 212 1
103 223 1
103 410 1
103 472 1
103 592 1
103 816 1
104 241 1
104 267 1
104 272 1
104 291 1
104 318 1
104 508 1
104 639 1
104 660 1
104 727 1
104 770 1
104 772 1
104 924 1
104 926 1
105 259 1
105 330 1
105 410 1
105 516 1
105 691 1
105 722 1
105 852 1
105 870 1
105 933 1
106 149 1
106 287 1
106 369 1
106 386 1
106 396 1
106 663 1
106 705 1
106 739 1
106 947 1
107 119 1
107 275 1
107 337 1
107 405 1
107 937 1
107 999 1
108 167 1
108 246 1
108 330 1
108 387 1
108 422 1
108 653 1
108 712 1
108 844 1
108 943 1
109 162 1
109 191 1
109 214 1
109 326 1
109 363 1
109 480 1
109 497 1
109 500 1
109 628 1
109 935 1
110 309 1
110 317 1
110 370 1
110 447 1
110 491 1
110 579 1
110 635 1
110 785 1
110 823 1
110 874 1
110 882 1
111 322 1
111 330 1
111 428 1
111 550 1
111 980 1
112 311 1
112 547 1
112 654 1
112 739 1
112 970 1
113 406 1
113 793 1
113 839 1
113 962 1
114 144 1
114 242 1
114 261 1
114 263 1
114 507 1
114 600 1
114 612 1
114 656 1
114 669 1
114 698 1
114 910 1
114 964 1
114 990 1
115 237 1
115 337 1
115 342 1
115 826 1
115 834 1
115 915 1
115 990 1
116 326 1
116 403 1
116 476 1
116 573 1
116 685 1
116 714 1
116 869 1
117 204 1
117 251 1
117 260 1
117 314 1
117 439 1
117 446 1
118 159 1
118 178 1
118 214 1
118 354 1
118 397 1
118 515 1
118 670 1
118 709 1
119 190 1
119 285 1
119 336 1
119 387 1
119 453 1
119 730 1
119 811 1
120 239 1
120 248 1
120 854 1
120 913 1
120 981 1
121 191 1
121 311 1
121 360 1
121 412 1
121 460 1
121 496 1
121 510 1
121 604 1
122 125 1
122 150 1
122 273 1
122 295 1
122 356 1
122 443 1
122 657 1
122 673 1
122 701 1
122 772 1
122 802 1
122 872 1
122 971 1
123 129 1
123 169 1
123 425 1
123 435 1
123 519 1
123 533 1
123 661 1
123 707 1
123 877 1
124 133 1
124 356 1
124 485 1
124 629 1
124 900 1
124 975 1
125 156 1
125 222 1
125 646 1
125 720 1
125 737 1
125 764 1
125 855 1
125 951 1
125 956 1
126 134 1
126 144 1
126 219 1
126 482 1
126 676 1
126 719 1
127 362 1
127 910 1
128 227 1
128 352 1
128 417 1
128 486 1
128 511 1
128 607 1
128 642 1
128 810 1
128 840 1
128 877 1
128 967 1
129 134 1
129 153 1
129 229 1
129 325 1
129 555 1
129 625 1
129 701 1
129 781 1
130 154 1
130 206 1
130 269 1
130 334 1
130 614 1
130 836 1
130 882 1
130 963 1
131 240 1
131 264 1
131 382 1
131 486 1
131 648 1
131 680 1
131 782 1
131 783 1
131 892 1
131 953 1
132 174 1
132 359 1
132 446 1
132 570 1
132 595 1
132 691 1
132 844 1
132 959 1
133 455 1
133 510 1
133 602 1
133 711 1
133 910 1
134 197 1
134 333 1
134 399 1
134 523 1
134 596 1
134 607 1
134 640 1
134 669 1
134 721 1
134 883 1
134 901 1
134 944 1
134 946 1
134 953 1
134 970 1
135 295 1
135 357 1
135 414 1
135 430 1
135 663 1
135 720 1
136 150 1
136 226 1
136 310 1
136 370 1
136 449 1
136 893 1
137 158 1
137 332 1
137 349 1
137 569 1
137 782 1
137 894 1
138 386 1
138 519 1
138 594 1
138 618 1
138 644 1
138 651 1
138 683 1
138 692 1
138 994 1
139 162 1
139 209 1
139 289 1
139 338 1
139 347 1
139 541 1
139 554 1
139 598 1
139 744 1
140 345 1
140 367 1
140 409 1
140 425 1
140 444 1
140 474 1
140 533 1
140 702 1
140 847 1
140 861 1
140 963 1
141 434 1
141 500 1
141 644 1
142 301 1
142 337 1
142 379 1
142 399 1
142 444 1
142 480 1
142 558 1
142 669 1
142 837 1
142 870 1
142 952 1
143 342 1
143 343 1
143 448 1
143 517 1
143 662 1
143 667 1
143 765 1
143 830 1
143 964 1
143 987 1
144 478 1
144 586 1
144 608 1
144 659 1
144 718 1
144 754 1
144 939 1
145 273 1
145 585 1
145 630 1
145 985 1
146 198 1
146 242 1
146 302 1
146 333 1
146 634 1
146 696 1
146 800 1
146 974 1
147 169 1
147 414 1
147 480 1
147 638 1
147 689 1
147 795 1
147 925 1
147 942 1
147 984 1
148 224 1
148 484 1
148 519 1
148 534 1
148 544 1
148 695 1
148 704 1
148 872 1
148 997 1
149 162 1
149 311 1
149 578 1
150 219 1
150 265 1
150 334 1
150 449 1
150 664 1
150 857 1
150 876 1
150 908 1
150 916 1
151 346 1
151 350 1
151 446 1
151 487 1
151 746 1
152 212 1
152 272 1
152 342 1
152 409 1
152 422 1
152 495 1
152 667 1
152 784 1
152 811 1
152 868 1
152 955 1
153 255 1
153 399 1
153 524 1
153 541 1
153 806 1
154 355 1
154 433 1
154 453 1
154 605 1
155 212 1
155 411 1
155 660 1
155 872 1
156 408 1
156 758 1
156 762 1
156 865 1
156 880 1
156 883 1
157 235 1
157 317 1
157 466 1
157 524 1
157 707 1
157 722 1
157 850 1
157 933 1
157 974 1
158 480 1
158 633 1
158 728 1
158 946 1
158 982 1
159 208 1
159 255 1
159 432 1
159 739 1
159 864 1
159 965 1
159 994 1
160 256 1
160 284 1
160 364 1
160 452 1
160 474 1
160 495 1
160 613 1
160 759 1
160 889 1
160 967 1
161 255 1
161 317 1
161 329 1
161 351 1
161 527 1
161 553 1
161 664 1
161 722 1
161 763 1
161 903 1
162 321 1
162 537 1
162 607 1
162 708 1
162 709 1
162 794 1
162 809 1
163 195 1
163 427 1
163 638 1
163 680 1
163 710 1
163 905 1
164 366 1
164 556 1
164 617 1
164 914 1
165 221 1
165 353 1
165 440 1
165 591 1
165 704 1
165 709 1
165 813 1
165 883 1
165 945 1
166 187 1
166 345 1
166 443 1
166 604 1
166 756 1
166 785 1
166 806 1
166 880 1
167 169 1
167 232 1
167 238 1
167 275 1
167 317 1
167 493 1
167 765 1
167 827 1
167 841 1
167 884 1
167 963 1
167 979 1
168 264 1
168 622 1
168 746 1
168 860 1
168 924 1
168 943 1
168 987 1
169 191 1
169 253 1
169 345 1
169 349 1
169 352 1
169 490 1
169 520 1
169 552 1
169 571 1
169 591 1
169 940 1
170 205 1
170 251 1
170 614 1
170 656 1
170 971 1
170 996 1
171 449 1
171 573 1
171 764 1
172 265 1
172 311 1
172 339 1
172 427 1
172 737 1
172 770 1
172 864 1
172 875 1
173 283 1
173 466 1
173 625 1
173 646 1
173 701 1
173 725 1
173 838 1
173 839 1
173 946 1
173 986 1
174 539 1
174 580 1
174 622 1
174 647 1
174 707 1
174 714 1
174 729 1
174 803 1
175 277 1
175 324 1
175 358 1
175 513 1
175 534 1
175 633 1
175 751 1
175 755 1
175 872 1
175 952 1
176 204 1
176 354 1
176 407 1
176 428 1
176 443 1
176 491 1
176 524 1
176 714 1
177 407 1
177 453 1
177 479 1
177 507 1
177 810 1
177 876 1
177 976 1
178 453 1
178 844 1
178 899 1
178 917 1
178 929 1
178 989 1
179 305 1
179 420 1
179 520 1
179 599 1
179 747 1
179 800 1
179 807 1
179 824 1
179 838 1
180 181 1
180 301 1
180 398 1
180 493 1
180 600 1
180 645 1
180 809 1
180 847 1
180 969 1
180 985 1
181 220 1
181 405 1
181 491 1
181 539 1
181 596 1
181 684 1
181 789 1
181 814 1
181 893 1
181 938 1
182 193 1
182 387 1
182 403 1
182 470 1
182 499 1
182 588 1
182 599 1
182 660 1
182 677 1
182 719 1
182 779 1
182 895 1
183 226 1
183 263 1
183 265 1
183 300 1
183 613 1
183 639 1
183 730 1
183 775 1
183 880 1
183 911 1
184 238 1
184 278 1
184 445 1
184 471 1
184 520 1
184 550 1
184 614 1
184 631 1
184 757 1
184 767 1
185 233 1
185 258 1
185 366 1
185 450 1
185 451 1
185 960 1
185 968 1
186 471 1
186 477 1
186 634 1
186 688 1
186 723 1
186 756 1
186 787 1
186 806 1
186 812 1
186 820 1
186 914 1
186 996 1
187 315 1
187 382 1
187 410 1
187 436 1
187 462 1
187 489 1
187 524 1
187 741 1
187 817 1
188 275 1
188 763 1
188 768 1
188 842 1
188 873 1
188 940 1
189 205 1
189 766 1
189 845 1
189 891 1
189 906 1
189 958 1
190 221 1
190 594 1
190 928 1
191 205 1
191 381 1
191 452 1
191 501 1
191 657 1
191 707 1
191 791 1
191 918 1
191 929 1
192 231 1
192 311 1
192 331 1
192 340 1
192 435 1
192 682 1
192 736 1
192 764 1
192 891 1
192 970 1
193 217 1
193 234 1
193 667 1
193 733 1
193 836 1
193 894 1
193 946 1
193 952 1
194 214 1
194 488 1
194 642 1
194 884 1
194 886 1
194 984 1
195 296 1
195 458 1
195 733 1
195 756 1
195 908 1
195 963 1
195 964 1
195 984 1
196 211 1
196 216 1
196 290 1
196 317 1
196 346 1
196 547 1
196 768 1
196 982 1
197 200 1
197 259 1
197 268 1
197 286 1
197 377 1
197 464 1
197 484 1
197 513 1
197 523 1
197 608 1
197 692 1
197 706 1
197 904 1
198 572 1
198 743 1
198 871 1
198 873 1
198 915 1
199 256 1
199 275 1
199 462 1
199 496 1
199 606 1
199 753 1
199 814 1
199 868 1
199 935 1
200 344 1
200 387 1
200 551 1
200 599 1
200 623 1
200 766 1
200 774 1
200 959 1
200 969 1
201 268 1
201 361 1
201 454 1
201 456 1
201 458 1
201 552 1
201 756 1
201 837 1
201 857 1
201 930 1
201 969 1
202 293 1
202 445 1
202 463 1
202 509 1
202 559 1
202 581 1
202 583 1
202 904 1
202 968 1
203 240 1
203 329 1
203 437 1
203 459 1
203 498 1
203 616 1
203 627 1
203 634 1
203 728 1
203 783 1
203 789 1
203 840 1
203 960 1
204 582 1
204 754 1
204 779 1
204 947 1
204 984 1
205 213 1
205 250 1
205 267 1
205 520 1
205 653 1
205 700 1
206 343 1
206 531 1
206 593 1
206 852 1
206 975 1
207 231 1
207 260 1
207 309 1
207 437 1
207 639 1
207 659 1
207 854 1
208 341 1
208 348 1
208 377 1
208 475 1
208 516 1
208 685 1
208 846 1
208 881 1
208 938 1
208 941 1
209 410 1
209 492 1
209 509 1
209 532 1
209 582 1
209 598 1
209 605 1
209 629 1
209 679 1
209 792 1
209 797 1
209 858 1
209 943 1
210 222 1
210 294 1
210 501 1
210 529 1
210 573 1
210 618 1
210 684 1
210 975 1
211 242 1
211 456 1
211 542 1
211 706 1
211 767 1
211 933 1
211 985 1
212 308 1
212 419 1
212 587 1
212 590 1
212 690 1
212 712 1
212 739 1
212 977 1
213 245 1
213 257 1
213 327 1
213 477 1
213 510 1
213 609 1
213 859 1
214 225 1
214 501 1
214 568 1
214 684 1
214 829 1
214 861 1
214 908 1
215 265 1
215 296 1
215 416 1
215 432 1
215 446 1
215 541 1
215 866 1
215 900 1
216 325 1
216 460 1
216 580 1
216 665 1
216 773 1
216 778 1
216 836 1
216 948 1
217 330 1
217 445 1
217 505 1
217 625 1
217 711 1
217 760 1
217 766 1
217 856 1
217 922 1
217 936 1
217 954 1
217 993 1
218 233 1
218 289 1
218 372 1
218 379 1
218 449 1
219 355 1
219 453 1
219 515 1
219 526 1
219 547 1
219 667 1
219 712 1
219 728 1
219 734 1
219 805 1
219 847 1
220 277 1
220 299 1
220 451 1
220 487 1
220 523 1
220 609 1
220 669 1
220 685 1
220 754 1
220 791 1
221 240 1
221 244 1
221 271 1
221 442 1
221 533 1
221 636 1
221 670 1
221 865 1
222 237 1
222 451 1
222 456 1
222 469 1
222 628 1
222 682 1
222 862 1
222 897 1
223 239 1
223 440 1
223 763 1
223 832 1
223 877 1
223 920 1
223 987 1
224 234 1
224 275 1
224 289 1
224 397 1
224 680 1
224 880 1
224 882 1
224 946 1
225 274 1
225 404 1
225 671 1
225 695 1
225 838 1
225 841 1
225 844 1
225 931 1
226 433 1
226 568 1
226 614 1
226 641 1
226 679 1
226 704 1
226 851 1
226 860 1
226 973 1
227 268 1
227 420 1
227 554 1
227 639 1
227 695 1
227 722 1
227 756 1
227 798 1
227 813 1
227 847 1
227 985 1
228 410 1
228 670 1
228 689 1
228 696 1
228 727 1
228 746 1
228 948 1
228 965 1
229 244 1
229 258 1
229 417 1
229 570 1
229 677 1
229 826 1
229 842 1
229 995 1
230 275 1
230 314 1
230 359 1
230 379 1
230 403 1
230 467 1
230 629 1
230 634 1
230 747 1
230 900 1
230 976 1
231 455 1
231 725 1
231 790 1
231 817 1
232 249 1
232 321 1
232 413 1
232 422 1
232 442 1
232 694 1
232 916 1
233 640 1
233 811 1
233 814 1
234 347 1
234 378 1
234 420 1
234 559 1
234 642 1
234 730 1
234 805 1
234 858 1
234 910 1
234 919 1
235 256 1
235 261 1
235 299 1
235 314 1
235 318 1
235 356 1
235 366 1
235 426 1
235 453 1
235 492 1
235 547 1
235 556 1
235 681 1
235 753 1
235 877 1
236 267 1
236 450 1
236 540 1
236 784 1
236 822 1
236 829 1
236 854 1
237 254 1
237 349 1
237 402 1
237 434 1
237 600 1
237 665 1
237 675 1
238 497 1
238 537 1
238 584 1
238 774 1
238 868 1
239 318 1
239 332 1
239 400 1
239 436 1
239 499 1
239 677 1
239 742 1
239 788 1
239 824 1
239 830 1
239 833 1
239 854 1
240 347 1
240 354 1
240 450 1
240 557 1
240 862 1
240 969 1
241 340 1
241 357 1
241 703 1
241 819 1
241 996 1
242 336 1
242 341 1
242 616 1
242 694 1
242 714 1
242 765 1
242 858 1
242 902 1
243 273 1
243 369 1
243 374 1
243 421 1
243 522 1
243 798 1
243 867 1
243 961 1
244 283 1
244 298 1
244 319 1
244 447 1
244 634 1
244 695 1
244 926 1
245 255 1
245 390 1
245 549 1
245 607 1
245 770 1
246 252 1
246 275 1
246 494 1
246 601 1
246 699 1
246 767 1
246 791 1
246 799 1
246 816 1
246 833 1
247 265 1
247 476 1
247 772 1
247 877 1
248 292 1
248 331 1
248 359 1
248 588 1
248 603 1
248 661 1
248 667 1
248 767 1
248 807 1
248 943 1
248 957 1
249 323 1
249 581 1
249 600 1
250 277 1
250 311 1
250 507 1
250 530 1
250 565 1
250 632 1
250 745 1
250 812 1
250 840 1
250 901 1
251 310 1
251 575 1
251 630 1
251 638 1
251 657 1
251 861 1
251 862 1
251 899 1
251 936 1
252 310 1
252 360 1
252 605 1
252 955 1
252 992 1
253 289 1
253 333 1
253 434 1
253 600 1
253 631 1
253 710 1
253 726 1
253 787 1
253 922 1
254 301 1
254 331 1
254 391 1
254 494 1
254 504 1
254 549 1
254 741 1
254 755 1
255 303 1
255 391 1
255 548 1
255 695 1
255 808 1
255 848 1
255 899 1
256 285 1
256 372 1
256 408 1
256 457 1
256 528 1
256 592 1
256 662 1
256 994 1
256 998 1
256 999 1
257 264 1
257 301 1
257 367 1
257 864 1
257 917 1
258 259 1
258 300 1
258 686 1
258 907 1
258 980 1
259 473 1
259 507 1
259 526 1
259 569 1
259 728 1
259 811 1
259 822 1
260 312 1
260 400 1
260 441 1
260 707 1
260 731 1
260 760 1
260 764 1
260 951 1
261 286 1
261 417 1
261 436 1
261 481 1
261 509 1
261 730 1
261 835 1
261 855 1
261 900 1
262 286 1
262 519 1
262 723 1
262 792 1
262 889 1
263 649 1
263 705 1
263 899 1
263 995 1
264 369 1
264 475 1
264 561 1
264 597 1
264 610 1
264 614 1
264 704 1
264 770 1
264 808 1
264 951 1
265 304 1
265 352 1
265 399 1
265 594 1
265 596 1
265 934 1
265 971 1
266 342 1
266 461 1
266 504 1
266 680 1
266 798 1
266 890 1
266 906 1
266 980 1
267 457 1
267 499 1
267 540 1
267 564 1
267 565 1
267 603 1
267 659 1
267 829 1
267 903 1
268 312 1
268 414 1
268 446 1
268 479 1
268 553 1
268 557 1
268 726 1
268 870 1
269 271 1
269 338 1
269 465 1
269 589 1
269 679 1
269 683 1
269 784 1
269 903 1
269 937 1
270 332 1
270 334 1
270 374 1
270 478 1
270 543 1
270 551 1
270 702 1
270 745 1
270 965 1
270 995 1
271 357 1
271 390 1
271 416 1
271 440 1
271 815 1
271 902 1
272 358 1
272 507 1
272 532 1
272 649 1
272 712 1
272 811 1
272 955 1
272 992 1
273 275 1
273 321 1
273 322 1
273 361 1
273 530 1
273 570 1
273 632 1
273 700 1
273 703 1
273 735 1
273 736 1
273 783 1
273 833 1
274 413 1
274 555 1
274 560 1
274 575 1
274 748 1
274 820 1
274 946 1
274 997 1
275 285 1
275 311 1
275 312 1
275 346 1
275 363 1
275 455 1
275 458 1
275 503 1
275 653 1
275 825 1
275 945 1
275 952 1
276 426 1
276 510 1
276 638 1
276 694 1
276 719 1
276 839 1
276 869 1
276 874 1
276 936 1
277 442 1
277 463 1
277 482 1
277 498 1
277 759 1
277 797 1
277 877 1
278 411 1
278 483 1
278 547 1
278 636 1
278 665 1
278 877 1
278 909 1
279 584 1
279 660 1
279 827 1
279 948 1
279 989 1
280 439 1
280 600 1
280 650 1
281 466 1
281 598 1
281 614 1
281 686 1
281 740 1
281 745 1
281 748 1
281 771 1
281 833 1
282 299 1
282 483 1
282 523 1
282 783 1
282 869 1
282 902 1
283 338 1
283 480 1
283 562 1
283 729 1
283 808 1
283 910 1
283 999 1
284 349 1
284 373 1
284 388 1
284 467 1
284 598 1
284 616 1
284 663 1
284 678 1
284 689 1
284 713 1
284 721 1
284 771 1
284 892 1
284 916 1
284 977 1
285 408 1
285 568 1
285 581 1
285 646 1
285 692 1
285 765 1
285 871 1
285 957 1
286 343 1
286 369 1
286 529 1
286 533 1
286 634 1
286 648 1
286 946 1
287 319 1
287 338 1
288 289 1
288 339 1
288 524 1
288 744 1
288 782 1
288 885 1
288 918 1
288 962 1
288 975 1
288 976 1
289 291 1
289 391 1
289 415 1
289 586 1
289 615 1
289 796 1
289 943 1
289 953 1
290 326 1
290 436 1
290 465 1
290 551 1
290 683 1
290 702 1
290 771 1
290 781 1
290 826 1
290 886 1
291 402 1
291 473 1
291 743 1
291 790 1
291 797 1
291 840 1
291 966 1
292 497 1
292 724 1
292 727 1
292 877 1
293 374 1
293 571 1
293 622 1
293 640 1
293 803 1
293 890 1
293 979 1
294 345 1
294 551 1
294 729 1
294 736 1
294 745 1
295 411 1
295 508 1
295 554 1
295 702 1
296 467 1
296 821 1
296 920 1
296 974 1
297 393 1
297 413 1
297 551 1
297 571 1
297 619 1
297 654 1
297 720 1
297 841 1
298 339 1
298 483 1
298 500 1
298 629 1
298 825 1
298 940 1
298 987 1
299 317 1
299 342 1
299 358 1
299 431 1
299 608 1
299 716 1
299 720 1
300 305 1
300 480 1
300 668 1
300 669 1
300 861 1
300 919 1
300 993 1
301 523 1
301 652 1
301 733 1
301 798 1
301 895 1
301 911 1
302 318 1
302 572 1
302 628 1
302 730 1
302 777 1
303 323 1
303 402 1
303 468 1
303 541 1
303 744 1
304 404 1
304 449 1
304 592 1
304 771 1
304 784 1
304 838 1
305 335 1
305 862 1
305 869 1
305 878 1
305 898 1
305 962 1
306 347 1
306 352 1
306 385 1
306 653 1
306 699 1
306 714 1
306 726 1
306 805 1
306 841 1
306 893 1
307 440 1
307 464 1
307 566 1
307 684 1
307 821 1
307 943 1
308 414 1
308 514 1
308 607 1
308 634 1
308 661 1
308 714 1
308 733 1
308 959 1
309 310 1
309 408 1
309 500 1
309 545 1
309 663 1
309 914 1
309 974 1
310 480 1
310 514 1
310 544 1
310 573 1
310 640 1
310 672 1
310 800 1
310 908 1
310 943 1
311 323 1
311 929 1
312 590 1
312 617 1
312 621 1
312 649 1
313 458 1
313 520 1
313 840 1
313 888 1
313 894 1
314 380 1
314 429 1
314 541 1
314 733 1
314 781 1
314 861 1
314 951 1
314 996 1
315 328 1
315 372 1
315 419 1
315 586 1
315 613 1
315 675 1
315 881 1
316 548 1
316 611 1
316 722 1
316 762 1
316 822 1
316 895 1
316 975 1
317 363 1
317 443 1
317 515 1
317 555 1
317 587 1
317 640 1
317 667 1
317 760 1
318 336 1
318 419 1
318 457 1
318 464 1
318 500 1
318 615 1
318 699 1
318 731 1
318 846 1
318 958 1
319 327 1
319 339 1
319 572 1
319 580 1
319 662 1
319 681 1
319 814 1
319 890 1
319 941 1
320 329 1
320 462 1
320 481 1
320 629 1
320 678 1
320 896 1
320 974 1
321 416 1
321 587 1
321 680 1
321 875 1
321 910 1
321 976 1
322 329 1
322 428 1
322 467 1
322 727 1
322 828 1
322 936 1
323 345 1
323 347 1
323 355 1
323 557 1
323 605 1
323 678 1
323 954 1
323 997 1
323 999 1
324 494 1
324 618 1
324 907 1
324 952 1
325 401 1
325 476 1
325 932 1
325 942 1
326 821 1
326 967 1
327 521 1
327 529 1
327 636 1
327 710 1
327 808 1
327 965 1
327 970 1
328 539 1
328 606 1
328 628 1
328 818 1
328 878 1
329 576 1
329 694 1
329 936 1
329 968 1
330 549 1
330 635 1
330 710 1
330 781 1
330 820 1
330 909 1
331 593 1
331 696 1
331 762 1
331 786 1
331 980 1
332 477 1
332 651 1
332 676 1
332 727 1
332 773 1
332 774 1
332 827 1
333 341 1
333 354 1
333 489 1
333 602 1
333 661 1
333 707 1
333 802 1
333 837 1
333 882 1
333 919 1
333 949 1
334 390 1
334 492 1
334 901 1
335 678 1
335 689 1
335 698 1
335 832 1
336 377 1
336 471 1
336 498 1
336 660 1
336 713 1
336 742 1
336 760 1
336 836 1
336 866 1
336 867 1
336 928 1
337 364 1
337 376 1
337 679 1
337 732 1
337 859 1
337 980 1
337 989 1
338 344 1
338 555 1
338 609 1
338 648 1
338 724 1
338 766 1
338 828 1
338 952 1
338 990 1
339 538 1
339 552 1
339 827 1
339 867 1
339 883 1
339 910 1
339 921 1
340 353 1
340 404 1
340 460 1
340 495 1
340 520 1
340 536 1
340 633 1
340 725 1
340 792 1
340 938 1
340 960 1
341 438 1
341 526 1
341 662 1
341 683 1
341 729 1
341 741 1
341 888 1
342 386 1
342 431 1
342 583 1
342 613 1
342 678 1
342 742 1
342 797 1
342 959 1
343 513 1
343 638 1
343 645 1
343 797 1
344 404 1
344 631 1
344 684 1
344 686 1
344 878 1
345 647 1
345 802 1
346 477 1
346 760 1
346 791 1
346 888 1
346 966 1
347 423 1
347 438 1
347 482 1
347 546 1
347 650 1
347 875 1
348 353 1
348 430 1
348 502 1
348 577 1
348 595 1
348 635 1
348 641 1
348 693 1
348 851 1
348 924 1
349 379 1
349 541 1
349 553 1
349 667 1
349 833 1
350 429 1
350 713 1
350 720 1
350 735 1
351 416 1
351 520 1
351 614 1
351 651 1
351 715 1
351 918 1
352 395 1
352 422 1
352 425 1
352 536 1
352 581 1
352 603 1
352 626 1
352 638 1
352 732 1
352 840 1
352 886 1
352 969 1
353 359 1
353 391 1
353 485 1
353 523 1
353 614 1
353 678 1
353 766 1
353 798 1
353 851 1
353 973 1
354 409 1
354 551 1
354 860 1
354 876 1
354 917 1
354 941 1
355 404 1
355 557 1
355 563 1
355 884 1
356 358 1
356 674 1
356 956 1
357 390 1
357 499 1
357 555 1
357 598 1
357 605 1
357 649 1
357 889 1
358 592 1
358 594 1
358 739 1
358 740 1
358 815 1
359 537 1
359 730 1
359 749 1
359 864 1
359 951 1
360 492 1
360 563 1
360 881 1
361 429 1
361 430 1
361 498 1
361 508 1
361 537 1
361 552 1
361 616 1
361 793 1
361 799 1
361 810 1
361 816 1
362 551 1
362 670 1
362 885 1
362 956 1
363 364 1
363 369 1
363 377 1
363 408 1
363 604 1
363 635 1
363 647 1
363 725 1
363 739 1
363 999 1
364 415 1
364 564 1
364 627 1
364 818 1
364 876 1
365 435 1
365 605 1
365 696 1
365 703 1
365 721 1
365 790 1
365 810 1
365 837 1
365 949 1
365 971 1
366 398 1
366 466 1
366 616 1
366 650 1
366 801 1
366 850 1
366 911 1
366 948 1
367 422 1
367 458 1
367 741 1
367 805 1
368 566 1
368 681 1
368 796 1
368 833 1
369 378 1
369 458 1
369 573 1
369 608 1
370 510 1
370 594 1
370 827 1
370 993 1
371 793 1
372 390 1
372 406 1
372 418 1
372 599 1
372 770 1
372 777 1
372 907 1
372 949 1
373 435 1
373 526 1
373 646 1
373 809 1
373 869 1
374 425 1
374 732 1
374 805 1
374 875 1
374 916 1
375 562 1
375 572 1
375 609 1
375 699 1
375 813 1
375 842 1
375 894 1
375 933 1
376 497 1
376 518 1
376 575 1
376 607 1
376 792 1
376 842 1
376 965 1
377 496 1
377 841 1
377 976 1
377 984 1
378 442 1
378 473 1
378 641 1
378 885 1
378 886 1
378 951 1
379 407 1
379 672 1
379 737 1
379 900 1
379 906 1
379 969 1
380 436 1
380 529 1
380 576 1
380 697 1
380 713 1
380 827 1
380 828 1
380 964 1
380 993 1
381 473 1
381 490 1
381 569 1
381 795 1
381 888 1
382 499 1
382 501 1
382 540 1
382 549 1
382 698 1
382 764 1
382 781 1
383 530 1
383 674 1
383 846 1
383 853 1
383 934 1
384 483 1
384 597 1
384 615 1
384 722 1
384 870 1
384 910 1
385 455 1
385 473 1
385 499 1
385 532 1
385 761 1
385 877 1
385 894 1
386 422 1
386 472 1
386 541 1
386 649 1
386 843 1
387 410 1
387 426 1
387 529 1
387 553 1
387 623 1
387 850 1
388 434 1
388 713 1
388 816 1
389 398 1
389 490 1
389 511 1
389 590 1
389 756 1
389 819 1
389 896 1
389 976 1
390 434 1
390 569 1
390 745 1
390 867 1
390 992 1
391 471 1
391 714 1
391 746 1
391 819 1
391 859 1
391 909 1
391 934 1
391 978 1
391 984 1
391 988 1
392 480 1
392 683 1
392 716 1
392 799 1
392 828 1
392 849 1
392 900 1
393 403 1
393 528 1
393 579 1
393 670 1
393 744 1
393 855 1
394 478 1
394 493 1
394 596 1
395 400 1
395 457 1
395 635 1
395 841 1
395 848 1
395 849 1
395 869 1
395 908 1
395 931 1
395 999 1
396 631 1
396 662 1
396 669 1
396 723 1
396 786 1
396 973 1
397 618 1
397 625 1
397 631 1
397 708 1
397 913 1
397 923 1
398 508 1
398 633 1
398 641 1
398 650 1
398 766 1
398 810 1
398 870 1
399 442 1
399 454 1
399 610 1
399 791 1
399 943 1
400 486 1
400 514 1
400 669 1
400 733 1
400 813 1
400 925 1
401 422 1
401 507 1
401 610 1
401 995 1
402 444 1
402 498 1
402 515 1
402 701 1
402 816 1
402 861 1
402 878 1
403 488 1
403 495 1
403 657 1
403 686 1
403 835 1
403 841 1
403 960 1
403 973 1
404 405 1
404 419 1
404 431 1
404 487 1
404 617 1
405 504 1
405 545 1
405 639 1
405 804 1
405 817 1
405 861 1
405 921 1
406 429 1
406 430 1
406 683 1
406 768 1
406 980 1
407 466 1
407 515 1
407 517 1
407 571 1
407 583 1
407 592 1
407 763 1
407 826 1
407 912 1
408 522 1
408 529 1
408 544 1
408 563 1
408 750 1
408 795 1
408 912 1
408 961 1
409 448 1
409 457 1
409 475 1
409 520 1
409 591 1
409 640 1
409 666 1
409 670 1
409 742 1
409 909 1
409 922 1
410 420 1
410 524 1
410 653 1
410 804 1
410 833 1
410 980 1
411 449 1
411 493 1
411 531 1
411 549 1
411 585 1
411 641 1
411 679 1
411 836 1
411 866 1
411 877 1
411 918 1
411 988 1
411 993 1
412 506 1
412 560 1
412 571 1
412 647 1
412 787 1
412 959 1
413 421 1
413 461 1
413 487 1
413 601 1
413 602 1
413 714 1
413 747 1
413 818 1
413 998 1
414 561 1
414 638 1
414 710 1
414 742 1
414 746 1
415 498 1
415 624 1
415 730 1
415 871 1
416 689 1
416 786 1
417 442 1
417 443 1
417 609 1
417 632 1
417 692 1
417 746 1
417 910 1
417 934 1
417 965 1
418 432 1
418 437 1
418 801 1
418 888 1
418 895 1
418 940 1
418 953 1
419 483 1
419 587 1
419 616 1
419 772 1
419 898 1
419 944 1
420 468 1
420 477 1
420 507 1
420 822 1
421 538 1
421 623 1
421 739 1
421 758 1
421 787 1
421 834 1
422 484 1
422 493 1
422 577 1
422 673 1
422 711 1
422 853 1
423 464 1
423 465 1
423 508 1
423 520 1
423 563 1
423 570 1
423 597 1
423 689 1
423 766 1
423 785 1
424 525 1
424 776 1
424 858 1
424 874 1
425 495 1
425 648 1
425 801 1
425 877 1
425 881 1
425 897 1
425 990 1
426 657 1
426 813 1
427 480 1
427 588 1
427 690 1
427 955 1
428 446 1
428 454 1
428 479 1
428 487 1
428 522 1
428 613 1
428 670 1
428 685 1
428 763 1
428 978 1
429 815 1
429 884 1
429 963 1
430 802 1
430 855 1
430 930 1
430 941 1
431 533 1
431 540 1
431 551 1
431 599 1
431 745 1
431 845 1
431 920 1
432 511 1
432 627 1
433 444 1
433 455 1
433 559 1
433 708 1
433 846 1
433 924 1
433 972 1
434 540 1
434 683 1
434 701 1
434 712 1
434 833 1
434 995 1
435 437 1
435 479 1
435 497 1
435 715 1
435 772 1
435 842 1
435 897 1
435 911 1
435 983 1
436 455 1
436 456 1
436 545 1
436 616 1
436 731 1
436 841 1
436 951 1
436 958 1
436 977 1
436 990 1
437 487 1
437 525 1
437 607 1
437 659 1
437 944 1
438 439 1
438 520 1
438 573 1
438 664 1
438 855 1
438 876 1
438 929 1
438 960 1
439 463 1
439 591 1
439 767 1
439 909 1
440 583 1
440 604 1
440 630 1
440 687 1
440 689 1
440 919 1
440 962 1
441 552 1
441 637 1
441 650 1
441 684 1
441 689 1
441 751 1
441 811 1
441 951 1
441 960 1
442 481 1
442 708 1
442 722 1
442 862 1
443 467 1
443 524 1
443 567 1
443 929 1
444 478 1
444 590 1
444 647 1
444 712 1
444 761 1
444 893 1
444 989 1
445 476 1
445 512 1
445 610 1
445 661 1
445 912 1
446 565 1
446 958 1
447 499 1
447 572 1
447 630 1
447 767 1
447 812 1
447 932 1
448 466 1
448 552 1
448 735 1
448 742 1
448 863 1
448 882 1
449 492 1
449 543 1
449 575 1
449 774 1
449 834 1
449 890 1
450 564 1
450 629 1
450 653 1
450 714 1
450 741 1
450 813 1
450 880 1
451 532 1
451 634 1
451 643 1
451 679 1
451 906 1
451 911 1
451 939 1
451 969 1
451 994 1
452 514 1
452 905 1
453 468 1
453 502 1
453 586 1
453 604 1
453 621 1
453 690 1
453 883 1
453 924 1
454 471 1
454 589 1
454 688 1
454 754 1
454 863 1
454 902 1
454 980 1
454 987 1
455 619 1
455 706 1
455 755 1
455 786 1
455 818 1
455 820 1
455 841 1
455 910 1
456 546 1
456 682 1
456 805 1
456 945 1
457 458 1
457 620 1
457 626 1
457 870 1
457 976 1
458 649 1
458 704 1
458 834 1
458 838 1
458 868 1
458 944 1
458 989 1
459 471 1
459 768 1
459 863 1
459 902 1
459 919 1
459 944 1
459 978 1
460 617 1
460 779 1
460 906 1
461 924 1
462 619 1
462 622 1
462 646 1
462 671 1
462 674 1
462 700 1
462 728 1
463 626 1
463 716 1
463 968 1
464 476 1
464 504 1
464 783 1
464 809 1
464 829 1
464 983 1
465 542 1
465 650 1
465 651 1
465 665 1
465 726 1
465 727 1
465 992 1
466 479 1
466 512 1
466 528 1
466 636 1
466 647 1
466 698 1
467 501 1
467 516 1
467 549 1
467 718 1
468 553 1
468 660 1
468 661 1
468 869 1
468 911 1
468 923 1
469 764 1
469 821 1
469 949 1
470 473 1
470 516 1
470 576 1
470 649 1
470 724 1
470 887 1
470 993 1
470 999 1
471 505 1
471 537 1
471 859 1
472 667 1
472 898 1
472 909 1
472 947 1
473 501 1
473 533 1
473 602 1
473 750 1
473 890 1
473 912 1
473 936 1
474 546 1
474 641 1
474 658 1
474 852 1
474 996 1
475 477 1
475 715 1
475 716 1
476 610 1
476 676 1
476 678 1
476 680 1
476 785 1
476 845 1
477 479 1
477 559 1
477 583 1
477 659 1
477 870 1
478 483 1
478 560 1
478 611 1
478 614 1
478 811 1
478 918 1
479 492 1
479 537 1
479 734 1
479 816 1
479 859 1
479 954 1
479 957 1
480 509 1
480 714 1
480 762 1
480 902 1
481 512 1
481 803 1
481 825 1
481 871 1
481 925 1
482 504 1
482 510 1
482 684 1
482 719 1
482 795 1
482 920 1
483 493 1
483 563 1
483 666 1
483 685 1
483 807 1
483 862 1
484 496 1
484 543 1
484 729 1
484 952 1
485 506 1
485 540 1
485 558 1
485 566 1
485 592 1
485 601 1
485 738 1
485 901 1
485 942 1
485 958 1
485 966 1
486 547 1
486 551 1
486 676 1
486 755 1
486 909 1
486 969 1
486 986 1
486 999 1
487 547 1
487 557 1
487 568 1
487 679 1
487 919 1
487 920 1
488 571 1
488 739 1
488 742 1
488 909 1
489 553 1
489 555 1
489 579 1
489 607 1
489 646 1
489 778 1
489 815 1
489 903 1
490 494 1
490 497 1
490 518 1
490 521 1
490 574 1
490 714 1
490 777 1
490 783 1
490 949 1
490 970 1
491 616 1
491 692 1
491 724 1
491 725 1
491 752 1
491 902 1
491 916 1
491 931 1
491 960 1
492 621 1
492 639 1
492 738 1
492 749 1
492 764 1
493 816 1
493 840 1
493 885 1
494 566 1
494 604 1
494 771 1
494 921 1
494 962 1
495 520 1
495 723 1
495 913 1
496 544 1
496 829 1
496 870 1
497 558 1
497 570 1
497 596 1
497 712 1
497 720 1
497 793 1
497 895 1
497 931 1
497 986 1
498 738 1
498 753 1
498 883 1
498 953 1
499 528 1
499 616 1
499 744 1
499 804 1
499 849 1
499 973 1
500 566 1
500 599 1
500 620 1
500 636 1
500 683 1
500 742 1
500 807 1
500 818 1
500 823 1
500 978 1
500 999 1
501 663 1
501 666 1
501 715 1
501 922 1
501 985 1
501 991 1
502 508 1
502 683 1
502 790 1
502 851 1
502 917 1
502 924 1
503 684 1
503 894 1
504 578 1
504 617 1
504 690 1
504 792 1
504 835 1
504 843 1
504 887 1
505 580 1
505 581 1
505 648 1
505 883 1
506 518 1
506 545 1
506 690 1
506 698 1
506 716 1
506 859 1
506 977 1
506 997 1
507 552 1
507 769 1
507 861 1
508 611 1
508 684 1
508 816 1
508 838 1
508 899 1
509 572 1
509 600 1
509 645 1
509 652 1
509 670 1
509 982 1
510 523 1
510 679 1
510 981 1
511 603 1
511 721 1
511 797 1
511 964 1
512 553 1
512 611 1
512 709 1
512 719 1
512 926 1
512 953 1
513 615 1
513 694 1
513 726 1
513 867 1
513 914 1
513 976 1
514 677 1
514 699 1
514 718 1
514 814 1
514 929 1
514 968 1
514 982 1
515 522 1
515 583 1
515 705 1
515 725 1
515 960 1
515 970 1
515 973 1
515 985 1
516 813 1
516 879 1
516 971 1
517 561 1
517 586 1
517 603 1
517 642 1
517 651 1
517 719 1
517 828 1
517 842 1
518 660 1
518 791 1
518 792 1
518 824 1
518 840 1
519 898 1
519 930 1
519 936 1
519 939 1
519 950 1
520 670 1
520 703 1
520 860 1
520 893 1
520 970 1
521 522 1
521 766 1
521 771 1
521 908 1
521 945 1
521 947 1
522 930 1
523 610 1
523 742 1
523 952 1
524 866 1
524 956 1
525 824 1
526 627 1
526 811 1
526 821 1
527 609 1
527 906 1
528 745 1
528 773 1
528 919 1
529 677 1
529 825 1
529 855 1
529 900 1
529 967 1
531 543 1
531 587 1
531 682 1
531 688 1
531 700 1
531 782 1
531 787 1
532 556 1
532 561 1
532 587 1
532 779 1
532 793 1
532 873 1
533 715 1
533 724 1
533 786 1
533 820 1
533 828 1
533 893 1
534 660 1
534 771 1
534 779 1
534 850 1
534 863 1
535 567 1
535 614 1
535 680 1
535 683 1
535 886 1
536 735 1
536 864 1
536 877 1
536 881 1
536 905 1
537 701 1
537 869 1
537 922 1
537 949 1
538 548 1
538 667 1
538 678 1
538 847 1
539 812 1
539 870 1
539 909 1
539 914 1
540 588 1
540 791 1
540 795 1
540 906 1
540 936 1
541 631 1
541 868 1
541 907 1
542 595 1
542 680 1
542 686 1
542 695 1
542 774 1
542 796 1
542 869 1
542 912 1
543 546 1
543 721 1
543 822 1
544 567 1
544 685 1
544 765 1
544 859 1
544 972 1
545 715 1
545 930 1
545 972 1
546 764 1
546 809 1
546 979 1
547 653 1
547 681 1
547 799 1
547 880 1
547 962 1
548 715 1
548 874 1
549 722 1
549 782 1
549 825 1
549 850 1
549 858 1
549 943 1
550 667 1
550 683 1
551 689 1
551 746 1
551 778 1
551 800 1
551 965 1
552 830 1
552 912 1
553 667 1
553 694 1
553 774 1
553 801 1
554 612 1
554 908 1
555 580 1
555 591 1
555 758 1
555 819 1
555 980 1
556 565 1
556 590 1
556 632 1
556 842 1
556 895 1
557 623 1
557 857 1
557 914 1
558 585 1
559 599 1
559 748 1
560 629 1
560 673 1
560 715 1
560 977 1
561 603 1
561 633 1
561 865 1
561 910 1
563 592 1
563 694 1
563 884 1
563 916 1
563 923 1
563 933 1
563 984 1
564 601 1
564 621 1
564 668 1
564 680 1
564 742 1
564 822 1
565 797 1
565 820 1
565 830 1
565 963 1
566 694 1
566 785 1
566 787 1
566 926 1
567 869 1
567 997 1
568 641 1
568 746 1
568 749 1
568 761 1
568 766 1
568 990 1
569 683 1
569 743 1
569 749 1
569 903 1
570 764 1
570 770 1
570 954 1
571 618 1
571 816 1
571 873 1
571 976 1
572 783 1
572 800 1
572 830 1
572 836 1
572 853 1
573 825 1
573 862 1
573 916 1
573 917 1
573 988 1
573 994 1
574 679 1
574 708 1
574 761 1
575 722 1
576 675 1
576 901 1
576 973 1
577 581 1
577 779 1
577 899 1
578 587 1
579 585 1
579 641 1
579 760 1
579 776 1
579 888 1
580 680 1
580 723 1
580 803 1
580 946 1
581 650 1
581 693 1
581 760 1
581 769 1
581 824 1
581 847 1
582 654 1
582 694 1
582 764 1
582 918 1
583 669 1
583 858 1
583 866 1
583 886 1
583 996 1
584 603 1
584 678 1
584 732 1
584 815 1
584 896 1
584 898 1
584 906 1
584 917 1
584 929 1
584 974 1
585 666 1
585 739 1
585 758 1
585 920 1
585 926 1
585 994 1
586 687 1
586 876 1
587 600 1
587 764 1
587 814 1
587 863 1
587 941 1
587 949 1
588 840 1
588 846 1
588 853 1
589 670 1
589 881 1
590 741 1
590 793 1
590 873 1
591 818 1
592 600 1
592 630 1
592 672 1
592 927 1
593 606 1
593 610 1
593 624 1
593 746 1
593 878 1
593 967 1
594 644 1
594 824 1
594 966 1
595 758 1
595 981 1
596 717 1
596 800 1
596 868 1
597 734 1
598 651 1
598 793 1
598 800 1
598 824 1
598 985 1
598 992 1
599 782 1
600 626 1
600 651 1
600 746 1
600 790 1
600 802 1
600 806 1
600 887 1
600 982 1
601 648 1
601 795 1
602 603 1
602 614 1
602 616 1
602 681 1
602 762 1
602 947 1
602 973 1
603 791 1
603 863 1
604 918 1
604 965 1
604 977 1
606 724 1
606 785 1
606 836 1
606 927 1
606 929 1
607 717 1
607 877 1
607 930 1
608 678 1
608 703 1
608 725 1
608 876 1
609 651 1
609 703 1
609 838 1
609 912 1
609 926 1
609 960 1
609 994 1
610 631 1
610 834 1
610 838 1
610 881 1
610 983 1
611 903 1
612 669 1
612 736 1
612 758 1
612 762 1
612 911 1
613 727 1
613 870 1
613 877 1
613 932 1
614 805 1
614 870 1
615 940 1
616 730 1
616 802 1
616 850 1
617 673 1
617 760 1
617 862 1
617 882 1
618 847 1
618 871 1
618 886 1
619 687 1
619 772 1
619 788 1
619 839 1
619 841 1
619 980 1
619 984 1
619 987 1
620 756 1
620 920 1
621 797 1
621 893 1
621 916 1
622 656 1
622 739 1
622 898 1
622 921 1
622 940 1
622 975 1
623 692 1
623 797 1
624 638 1
624 736 1
624 774 1
625 674 1
625 765 1
625 766 1
625 860 1
625 890 1
626 688 1
626 769 1
626 847 1
627 685 1
627 750 1
627 756 1
627 806 1
627 857 1
627 879 1
627 945 1
628 642 1
628 675 1
628 765 1
628 860 1
628 932 1
629 721 1
629 846 1
630 659 1
630 694 1
630 806 1
630 874 1
630 978 1
631 647 1
631 654 1
631 669 1
631 697 1
631 769 1
631 809 1
631 842 1
631 850 1
632 715 1
632 908 1
633 664 1
633 805 1
633 896 1
633 903 1
633 918 1
633 925 1
633 930 1
634 648 1
634 926 1
634 932 1
634 958 1
635 807 1
636 713 1
636 741 1
636 852 1
636 859 1
636 921 1
636 937 1
637 695 1
637 930 1
638 666 1
638 781 1
638 785 1
638 797 1
638 818 1
638 833 1
638 882 1
638 883 1
639 668 1
639 684 1
639 786 1
639 832 1
639 863 1
639 894 1
639 915 1
639 931 1
639 998 1
640 648 1
640 651 1
640 656 1
640 995 1
641 697 1
641 933 1
641 999 1
642 828 1
642 868 1
642 945 1
643 717 1
643 856 1
643 870 1
644 651 1
644 861 1
644 959 1
645 722 1
645 725 1
645 881 1
645 997 1
646 677 1
646 739 1
646 885 1
646 937 1
646 968 1
647 703 1
647 740 1
647 820 1
647 957 1
648 687 1
648 788 1
648 917 1
649 753 1
649 756 1
649 814 1
650 739 1
650 775 1
650 902 1
651 677 1
651 754 1
651 803 1
651 967 1
652 721 1
652 756 1
652 843 1
652 921 1
653 776 1
653 898 1
653 999 1
655 724 1
655 736 1
655 789 1
657 708 1
657 878 1
657 892 1
657 897 1
657 913 1
658 757 1
658 818 1
658 837 1
658 991 1
659 957 1
661 684 1
661 922 1
661 996 1
662 845 1
662 917 1
662 950 1
663 704 1
663 731 1
663 944 1
664 871 1
664 955 1
665 699 1
665 721 1
666 867 1
666 923 1
666 933 1
666 996 1
667 873 1
667 911 1
667 970 1
668 718 1
668 734 1
668 775 1
668 778 1
668 845 1
668 855 1
668 898 1
669 738 1
669 907 1
669 932 1
669 973 1
669 976 1
669 985 1
670 714 1
670 889 1
671 687 1
672 713 1
672 774 1
672 848 1
673 711 1
673 934 1
673 974 1
674 840 1
674 876 1
675 739 1
675 751 1
675 786 1
676 751 1
676 996 1
677 682 1
677 690 1
677 707 1
677 822 1
677 860 1
677 955 1
678 877 1
679 879 1
679 905 1
680 771 1
680 819 1
680 907 1
680 908 1
681 696 1
681 766 1
681 909 1
682 686 1
682 687 1
682 731 1
682 760 1
682 793 1
682 802 1
682 823 1
682 838 1
682 859 1
682 877 1
682 971 1
683 774 1
684 706 1
684 880 1
684 912 1
685 715 1
685 777 1
685 946 1
686 762 1
686 768 1
686 791 1
686 963 1
687 829 1
687 973 1
688 703 1
688 865 1
690 744 1
690 805 1
690 942 1
690 991 1
691 721 1
691 916 1
692 826 1
692 921 1
692 970 1
693 738 1
693 902 1
694 695 1
694 713 1
694 812 1
694 915 1
694 935 1
695 796 1
695 815 1
695 829 1
695 851 1
695 860 1
695 983 1
695 998 1
696 804 1
696 966 1
697 943 1
698 861 1
699 709 1
699 750 1
699 842 1
700 767 1
701 736 1
701 788 1
701 890 1
701 957 1
701 999 1
702 896 1
702 904 1
702 943 1
703 782 1
703 787 1
703 790 1
703 808 1
703 857 1
704 750 1
704 865 1
705 854 1
705 912 1
706 761 1
706 945 1
708 775 1
708 789 1
709 934 1
709 952 1
710 867 1
711 753 1
711 817 1
711 882 1
711 923 1
711 984 1
712 813 1
712 838 1
712 886 1
712 941 1
713 752 1
713 779 1
713 866 1
713 893 1
714 775 1
714 844 1
714 866 1
714 868 1
714 893 1
714 903 1
714 908 1
715 756 1
715 803 1
715 918 1
716 772 1
716 826 1
716 910 1
717 964 1
717 984 1
718 729 1
718 730 1
718 755 1
718 766 1
718 827 1
719 766 1
719 873 1
719 922 1
720 813 1
720 856 1
720 910 1
721 736 1
721 870 1
722 746 1
722 842 1
722 987 1
723 741 1
724 998 1
725 812 1
726 736 1
726 760 1
726 924 1
727 740 1
727 765 1
727 848 1
728 740 1
728 813 1
728 833 1
728 849 1
728 870 1
728 975 1
729 735 1
729 824 1
729 904 1
730 753 1
730 889 1
731 796 1
731 928 1
732 802 1
732 868 1
733 819 1
734 763 1
734 806 1
734 977 1
735 795 1
736 776 1
736 877 1
736 896 1
736 977 1
737 780 1
737 833 1
737 865 1
737 872 1
738 805 1
738 841 1
738 955 1
739 825 1
739 842 1
739 875 1
740 872 1
740 913 1
740 976 1
741 902 1
741 913 1
741 914 1
742 764 1
742 840 1
742 843 1
743 766 1
744 754 1
744 820 1
744 863 1
745 761 1
745 965 1
746 932 1
747 797 1
747 844 1
747 898 1
748 984 1
749 754 1
749 762 1
749 854 1
750 811 1
750 823 1
750 860 1
750 868 1
752 810 1
752 897 1
753 814 1
753 883 1
753 902 1
753 937 1
753 951 1
753 971 1
754 801 1
755 838 1
755 900 1
755 924 1
755 931 1
758 829 1
758 844 1
758 886 1
758 921 1
759 880 1
759 889 1
759 913 1
759 925 1
759 956 1
759 964 1
759 992 1
761 859 1
761 933 1
761 966 1
762 962 1
762 993 1
763 822 1
765 798 1
766 887 1
767 870 1
767 884 1
768 894 1
769 934 1
769 953 1
770 779 1
770 854 1
771 783 1
771 878 1
771 924 1
772 904 1
772 905 1
772 915 1
772 936 1
773 870 1
773 883 1
773 963 1
774 797 1
774 873 1
775 828 1
776 845 1
776 850 1
777 803 1
777 839 1
778 855 1
778 870 1
778 931 1
778 963 1
779 807 1
779 819 1
779 841 1
779 911 1
779 938 1
779 975 1
780 838 1
780 952 1
781 959 1
782 862 1
782 943 1
783 785 1
783 856 1
783 939 1
783 975 1
783 979 1
784 848 1
784 893 1
784 999 1
785 969 1
786 972 1
786 979 1
786 986 1
786 989 1
787 834 1
788 875 1
788 930 1
789 820 1
789 948 1
790 798 1
790 912 1
790 971 1
790 997 1
791 825 1
792 822 1
792 863 1
793 865 1
793 922 1
793 989 1
794 959 1
795 837 1
795 906 1
795 932 1
795 970 1
795 983 1
796 987 1
797 807 1
799 963 1
800 883 1
801 861 1
802 930 1
803 956 1
803 970 1
804 805 1
804 929 1
805 811 1
805 978 1
806 945 1
806 955 1
807 896 1
807 912 1
808 906 1
809 879 1
809 891 1
811 837 1
811 959 1
812 839 1
812 922 1
812 963 1
813 841 1
813 852 1
813 900 1
816 989 1
817 843 1
817 886 1
817 916 1
817 958 1
817 968 1
819 852 1
819 964 1
820 964 1
820 988 1
821 852 1
821 905 1
821 920 1
821 972 1
823 839 1
823 910 1
823 928 1
823 933 1
825 856 1
825 961 1
825 975 1
825 999 1
827 871 1
827 981 1
828 939 1
829 974 1
829 998 1
830 859 1
830 901 1
830 991 1
832 916 1
832 942 1
833 912 1
833 999 1
835 929 1
836 855 1
836 934 1
837 868 1
837 869 1
838 991 1
839 884 1
839 913 1
839 965 1
840 843 1
840 960 1
840 991 1
841 945 1
843 844 1
843 874 1
843 877 1
843 880 1
845 849 1
845 967 1
846 879 1
846 920 1
846 937 1
846 951 1
846 963 1
847 882 1
849 871 1
849 932 1
849 974 1
850 959 1
850 994 1
851 937 1
852 929 1
853 886 1
853 960 1
854 930 1
854 989 1
855 929 1
856 985 1
859 868 1
859 973 1
860 902 1
860 987 1
863 905 1
863 925 1
863 995 1
865 910 1
865 959 1
865 982 1
866 875 1
868 991 1
871 920 1
876 884 1
876 932 1
877 886 1
877 955 1
878 884 1
878 928 1
878 985 1
878 989 1
879 905 1
880 911 1
882 893 1
883 942 1
883 986 1
883 991 1
884 918 1
884 975 1
885 894 1
885 921 1
885 939 1
887 949 1
888 973 1
889 995 1
890 934 1
892 963 1
895 943 1
897 910 1
897 965 1
898 928 1
903 925 1
904 947 1
905 975 1
905 989 1
906 972 1
906 995 1
907 920 1
907 944 1
907 955 1
907 985 1
909 919 1
909 950 1
910 988 1
913 921 1
913 930 1
913 935 1
915 957 1
915 977 1
916 921 1
916 933 1
917 930 1
917 956 1
918 986 1
919 953 1
920 955 1
923 984 1
925 960 1
927 953 1
929 953 1
930 993 1
932 934 1
932 955 1
932 988 1
933 979 1
933 987 1
936 997 1
938 997 1
939 948 1
942 963 1
944 986 1
945 969 1
948 975 1
949 953 1
949 957 1
950 976 1
951 962 1
953 963 1
959 978 1
962 994 1
963 966 1
968 997 1
969 985 1
969 999 1
974 980 1
974 983 1
974 987 1
975 976 1
977 986 1
978 988 1
979 996 1
981 995 1
984 990 1
985 996 1
989 997 1
