300 4471
0 17 1
0 18 1
0 57 1
0 61 1
0 77 1
0 85 1
0 91 1
0 95 1
0 100 1
0 107 1
0 108 1
0 115 1
0 132 1
0 140 1
0 145 1
0 149 1
0 172 1
0 176 1
0 177 1
0 212 1
0 219 1
0 251 1
0 289 1
0 291 1
0 298 1
1 7 1
1 11 1
1 62 1
1 63 1
1 65 1
1 78 1
1 79 1
1 82 1
1 115 1
1 119 1
1 140 1
1 147 1
1 172 1
1 180 1
1 190 1
1 221 1
1 224 1
1 237 1
1 240 1
1 241 1
1 248 1
1 256 1
1 262 1
1 267 1
1 280 1
1 291 1
1 292 1
1 294 1
2 12 1
2 14 1
2 17 1
2 29 1
2 34 1
2 92 1
2 94 1
2 98 1
2 109 1
2 118 1
2 120 1
2 121 1
2 126 1
2 129 1
2 131 1
2 163 1
2 184 1
2 185 1
2 211 1
2 215 1
2 228 1
2 236 1
2 257 1
2 265 1
2 270 1
2 277 1
2 288 1
2 294 1
2 295 1
3 4 1
3 15 1
3 16 1
3 22 1
3 34 1
3 81 1
3 84 1
3 93 1
3 97 1
3 101 1
3 136 1
3 142 1
3 148 1
3 170 1
3 171 1
3 175 1
3 178 1
3 182 1
3 199 1
3 200 1
3 222 1
3 223 1
3 227 1
3 231 1
3 239 1
3 243 1
3 258 1
3 281 1
3 291 1
3 294 1
4 6 1
4 14 1
4 21 1
4 26 1
4 30 1
4 31 1
4 60 1
4 61 1
4 73 1
4 74 1
4 83 1
4 84 1
4 87 1
4 100 1
4 109 1
4 121 1
4 125 1
4 131 1
4 143 1
4 149 1
4 164 1
4 165 1
4 187 1
4 203 1
4 212 1
4 221 1
4 224 1
4 231 1
4 239 1
4 254 1
4 258 1
4 259 1
4 291 1
4 295 1
4 296 1
5 13 1
5 29 1
5 45 1
5 47 1
5 53 1
5 72 1
5 100 1
5 109 1
5 132 1
5 144 1
5 145 1
5 152 1
5 173 1
5 198 1
5 201 1
5 202 1
5 207 1
5 211 1
5 214 1
5 222 1
5 231 1
5 234 1
5 243 1
5 266 1
5 284 1
5 287 1
5 294 1
6 12 1
6 14 1
6 18 1
6 22 1
6 23 1
6 25 1
6 38 1
6 42 1
6 46 1
6 50 1
6 64 1
6 68 1
6 72 1
6 73 1
6 79 1
6 91 1
6 97 1
6 119 1
6 122 1
6 128 1
6 150 1
6 164 1
6 174 1
6 188 1
6 194 1
6 207 1
6 220 1
6 243 1
6 246 1
6 251 1
6 259 1
6 274 1
6 278 1
6 279 1
6 286 1
6 287 1
6 288 1
6 296 1
6 298 1
7 12 1
7 15 1
7 20 1
7 34 1
7 35 1
7 57 1
7 87 1
7 102 1
7 108 1
7 124 1
7 151 1
7 178 1
7 201 1
7 202 1
7 206 1
7 208 1
7 210 1
7 211 1
7 213 1
7 225 1
7 236 1
7 240 1
7 249 1
7 250 1
7 256 1
7 263 1
7 273 1
7 290 1
7 291 1
7 298 1
8 11 1
8 18 1
8 31 1
8 53 1
8 66 1
8 99 1
8 107 1
8 134 1
8 144 1
8 166 1
8 178 1
8 181 1
8 185 1
8 188 1
8 193 1
8 202 1
8 210 1
8 211 1
8 227 1
8 228 1
8 253 1
8 261 1
8 283 1
8 299 1
9 26 1
9 31 1
9 38 1
9 66 1
9 74 1
9 75 1
9 98 1
9 119 1
9 121 1
9 129 1
9 148 1
9 158 1
9 168 1
9 182 1
9 211 1
9 223 1
9 238 1
9 239 1
9 244 1
9 251 1
9 273 1
9 275 1
9 283 1
9 288 1
10 15 1
10 42 1
10 58 1
10 63 1
10 77 1
10 82 1
10 84 1
10 97 1
10 98 1
10 151 1
10 158 1
10 166 1
10 180 1
10 183 1
10 185 1
10 187 1
10 190 1
10 209 1
10 226 1
10 237 1
10 245 1
10 253 1
10 281 1
10 283 1
11 15 1
11 23 1
11 50 1
11 57 1
11 59 1
11 61 1
11 68 1
11 74 1
11 85 1
11 89 1
11 124 1
11 147 1
11 153 1
11 156 1
11 158 1
11 167 1
11 178 1
11 207 1
11 213 1
11 228 1
11 235 1
11 240 1
11 247 1
11 251 1
11 255 1
11 271 1
11 275 1
11 286 1
11 292 1
11 295 1
12 19 1
12 22 1
12 29 1
12 34 1
12 87 1
12 93 1
12 102 1
12 104 1
12 109 1
12 114 1
12 120 1
12 136 1
12 140 1
12 172 1
12 188 1
12 202 1
12 209 1
12 215 1
12 243 1
12 250 1
12 252 1
12 254 1
12 260 1
12 267 1
12 275 1
12 287 1
12 291 1
13 29 1
13 38 1
13 71 1
13 76 1
13 85 1
13 93 1
13 96 1
13 97 1
13 106 1
13 119 1
13 126 1
13 129 1
13 144 1
13 154 1
13 158 1
13 162 1
13 164 1
13 178 1
13 197 1
13 212 1
13 223 1
13 236 1
13 240 1
13 244 1
13 252 1
13 256 1
13 275 1
13 279 1
13 280 1
13 282 1
13 287 1
13 293 1
14 16 1
14 18 1
14 35 1
14 36 1
14 37 1
14 45 1
14 50 1
14 67 1
14 70 1
14 79 1
14 82 1
14 104 1
14 114 1
14 125 1
14 147 1
14 151 1
14 153 1
14 155 1
14 157 1
14 170 1
14 177 1
14 182 1
14 200 1
14 219 1
14 220 1
14 227 1
14 237 1
14 254 1
14 257 1
14 260 1
14 262 1
14 278 1
14 281 1
14 285 1
14 289 1
14 295 1
15 17 1
15 27 1
15 32 1
15 54 1
15 78 1
15 86 1
15 95 1
15 98 1
15 99 1
15 101 1
15 108 1
15 111 1
15 122 1
15 124 1
15 129 1
15 133 1
15 135 1
15 143 1
15 160 1
15 162 1
15 163 1
15 180 1
15 187 1
15 189 1
15 191 1
15 192 1
15 198 1
15 205 1
15 225 1
15 236 1
15 238 1
15 240 1
15 255 1
15 258 1
15 267 1
15 280 1
16 17 1
16 31 1
16 32 1
16 37 1
16 38 1
16 42 1
16 46 1
16 64 1
16 94 1
16 101 1
16 115 1
16 119 1
16 135 1
16 137 1
16 153 1
16 158 1
16 164 1
16 178 1
16 180 1
16 181 1
16 210 1
16 213 1
16 236 1
16 240 1
16 261 1
16 272 1
17 22 1
17 24 1
17 27 1
17 28 1
17 46 1
17 56 1
17 70 1
17 73 1
17 84 1
17 87 1
17 96 1
17 104 1
17 121 1
17 127 1
17 131 1
17 136 1
17 141 1
17 147 1
17 159 1
17 167 1
17 179 1
17 193 1
17 201 1
17 203 1
17 207 1
17 208 1
17 211 1
17 215 1
17 227 1
17 231 1
17 236 1
17 237 1
17 247 1
17 262 1
17 266 1
17 267 1
17 295 1
17 296 1
18 41 1
18 50 1
18 53 1
18 57 1
18 59 1
18 60 1
18 71 1
18 92 1
18 105 1
18 113 1
18 117 1
18 124 1
18 152 1
18 184 1
18 192 1
18 208 1
18 211 1
18 217 1
18 224 1
18 257 1
18 282 1
19 72 1
19 79 1
19 80 1
19 83 1
19 88 1
19 89 1
19 94 1
19 104 1
19 112 1
19 118 1
19 123 1
19 124 1
19 160 1
19 164 1
19 165 1
19 168 1
19 180 1
19 214 1
19 260 1
19 264 1
19 272 1
19 283 1
20 23 1
20 53 1
20 66 1
20 78 1
20 100 1
20 101 1
20 109 1
20 112 1
20 116 1
20 126 1
20 132 1
20 135 1
20 154 1
20 160 1
20 174 1
20 216 1
20 226 1
20 240 1
20 243 1
20 250 1
20 270 1
20 271 1
20 286 1
20 290 1
20 291 1
20 299 1
21 53 1
21 54 1
21 55 1
21 82 1
21 95 1
21 99 1
21 113 1
21 120 1
21 122 1
21 125 1
21 128 1
21 130 1
21 143 1
21 147 1
21 153 1
21 170 1
21 177 1
21 178 1
21 194 1
21 222 1
21 224 1
21 244 1
21 249 1
21 253 1
21 258 1
21 261 1
21 264 1
21 266 1
21 268 1
21 270 1
21 272 1
21 294 1
22 40 1
22 53 1
22 69 1
22 73 1
22 76 1
22 114 1
22 136 1
22 138 1
22 146 1
22 160 1
22 167 1
22 174 1
22 209 1
22 214 1
22 216 1
22 240 1
22 242 1
22 248 1
22 250 1
22 256 1
22 272 1
22 287 1
22 288 1
22 289 1
23 41 1
23 44 1
23 46 1
23 55 1
23 56 1
23 67 1
23 70 1
23 93 1
23 95 1
23 96 1
23 98 1
23 121 1
23 128 1
23 140 1
23 145 1
23 155 1
23 166 1
23 194 1
23 202 1
23 226 1
23 234 1
23 250 1
23 251 1
23 265 1
23 268 1
23 274 1
23 286 1
23 289 1
23 294 1
24 25 1
24 30 1
24 41 1
24 66 1
24 74 1
24 104 1
24 130 1
24 166 1
24 167 1
24 170 1
24 176 1
24 177 1
24 195 1
24 199 1
24 204 1
24 212 1
24 249 1
24 261 1
24 280 1
24 283 1
24 292 1
25 29 1
25 50 1
25 69 1
25 70 1
25 71 1
25 75 1
25 113 1
25 125 1
25 139 1
25 148 1
25 151 1
25 163 1
25 164 1
25 181 1
25 218 1
25 226 1
25 241 1
25 242 1
25 245 1
25 248 1
25 255 1
25 257 1
25 286 1
25 289 1
25 294 1
25 295 1
25 296 1
26 30 1
26 43 1
26 44 1
26 53 1
26 65 1
26 71 1
26 87 1
26 97 1
26 108 1
26 117 1
26 166 1
26 171 1
26 198 1
26 230 1
26 239 1
26 248 1
26 266 1
26 267 1
26 275 1
26 285 1
26 291 1
27 29 1
27 39 1
27 44 1
27 48 1
27 54 1
27 58 1
27 62 1
27 67 1
27 85 1
27 88 1
27 90 1
27 96 1
27 99 1
27 137 1
27 147 1
27 149 1
27 154 1
27 161 1
27 167 1
27 171 1
27 186 1
27 188 1
27 194 1
27 195 1
27 197 1
27 200 1
27 216 1
27 229 1
27 237 1
27 240 1
27 242 1
27 246 1
27 278 1
28 32 1
28 40 1
28 49 1
28 65 1
28 83 1
28 103 1
28 117 1
28 123 1
28 136 1
28 146 1
28 147 1
28 156 1
28 163 1
28 165 1
28 178 1
28 192 1
28 200 1
28 205 1
28 209 1
28 228 1
28 231 1
28 232 1
28 254 1
28 265 1
28 296 1
29 40 1
29 76 1
29 79 1
29 86 1
29 94 1
29 149 1
29 154 1
29 155 1
29 159 1
29 187 1
29 192 1
29 225 1
29 237 1
29 243 1
29 250 1
29 271 1
29 276 1
29 278 1
29 279 1
29 294 1
30 31 1
30 38 1
30 41 1
30 50 1
30 55 1
30 56 1
30 63 1
30 67 1
30 78 1
30 79 1
30 149 1
30 161 1
30 169 1
30 173 1
30 185 1
30 187 1
30 200 1
30 207 1
30 210 1
30 239 1
30 247 1
30 262 1
30 266 1
30 282 1
30 283 1
30 286 1
30 295 1
30 298 1
31 38 1
31 41 1
31 48 1
31 77 1
31 80 1
31 89 1
31 97 1
31 102 1
31 111 1
31 120 1
31 145 1
31 157 1
31 159 1
31 172 1
31 176 1
31 207 1
31 210 1
31 219 1
31 220 1
31 230 1
31 235 1
31 239 1
31 246 1
31 289 1
32 36 1
32 98 1
32 100 1
32 101 1
32 127 1
32 141 1
32 143 1
32 147 1
32 172 1
32 176 1
32 182 1
32 228 1
32 232 1
32 249 1
32 255 1
32 263 1
32 270 1
32 277 1
32 281 1
32 295 1
33 40 1
33 43 1
33 46 1
33 75 1
33 77 1
33 79 1
33 83 1
33 91 1
33 95 1
33 96 1
33 104 1
33 109 1
33 112 1
33 114 1
33 117 1
33 138 1
33 141 1
33 144 1
33 145 1
33 147 1
33 155 1
33 168 1
33 177 1
33 183 1
33 188 1
33 190 1
33 191 1
33 198 1
33 213 1
33 220 1
33 223 1
33 225 1
33 227 1
33 235 1
33 240 1
33 248 1
33 249 1
33 281 1
33 293 1
34 36 1
34 49 1
34 59 1
34 61 1
34 72 1
34 76 1
34 80 1
34 82 1
34 86 1
34 95 1
34 103 1
34 107 1
34 110 1
34 111 1
34 122 1
34 127 1
34 133 1
34 145 1
34 154 1
34 157 1
34 185 1
34 200 1
34 209 1
34 217 1
34 219 1
34 260 1
34 268 1
34 275 1
34 290 1
34 293 1
34 295 1
35 45 1
35 65 1
35 71 1
35 72 1
35 82 1
35 83 1
35 84 1
35 85 1
35 89 1
35 91 1
35 96 1
35 103 1
35 117 1
35 123 1
35 143 1
35 151 1
35 156 1
35 177 1
35 180 1
35 197 1
35 205 1
35 206 1
35 209 1
35 210 1
35 215 1
35 217 1
35 224 1
35 234 1
35 245 1
35 247 1
35 260 1
35 276 1
35 295 1
36 73 1
36 86 1
36 89 1
36 90 1
36 102 1
36 106 1
36 119 1
36 122 1
36 137 1
36 143 1
36 147 1
36 159 1
36 161 1
36 179 1
36 190 1
36 223 1
36 239 1
36 250 1
36 262 1
36 265 1
36 270 1
36 276 1
36 288 1
36 291 1
36 295 1
37 41 1
37 44 1
37 52 1
37 53 1
37 61 1
37 62 1
37 71 1
37 74 1
37 83 1
37 88 1
37 98 1
37 100 1
37 127 1
37 133 1
37 137 1
37 141 1
37 146 1
37 155 1
37 188 1
37 194 1
37 223 1
37 224 1
37 226 1
37 251 1
37 252 1
37 253 1
37 258 1
37 267 1
37 275 1
38 41 1
38 55 1
38 60 1
38 63 1
38 75 1
38 84 1
38 93 1
38 103 1
38 106 1
38 110 1
38 117 1
38 129 1
38 137 1
38 156 1
38 159 1
38 162 1
38 169 1
38 171 1
38 186 1
38 196 1
38 211 1
38 213 1
38 218 1
38 221 1
38 248 1
38 258 1
38 259 1
38 262 1
38 271 1
38 290 1
39 58 1
39 60 1
39 89 1
39 91 1
39 93 1
39 100 1
39 103 1
39 104 1
39 107 1
39 116 1
39 132 1
39 135 1
39 143 1
39 153 1
39 164 1
39 172 1
39 187 1
39 193 1
39 198 1
39 214 1
39 218 1
39 224 1
39 247 1
39 253 1
39 268 1
39 291 1
39 294 1
39 295 1
40 42 1
40 46 1
40 47 1
40 57 1
40 83 1
40 84 1
40 90 1
40 96 1
40 98 1
40 112 1
40 118 1
40 120 1
40 121 1
40 123 1
40 124 1
40 139 1
40 159 1
40 175 1
40 197 1
40 206 1
40 210 1
40 226 1
40 234 1
40 254 1
40 270 1
40 282 1
41 61 1
41 73 1
41 81 1
41 87 1
41 100 1
41 105 1
41 178 1
41 189 1
41 200 1
41 204 1
41 210 1
41 215 1
41 231 1
41 245 1
41 264 1
41 267 1
41 269 1
41 272 1
41 295 1
42 48 1
42 56 1
42 67 1
42 68 1
42 89 1
42 90 1
42 112 1
42 133 1
42 137 1
42 170 1
42 171 1
42 182 1
42 186 1
42 188 1
42 189 1
42 200 1
42 207 1
42 216 1
42 217 1
42 238 1
42 258 1
42 259 1
42 267 1
42 272 1
42 283 1
42 288 1
43 45 1
43 47 1
43 53 1
43 55 1
43 62 1
43 67 1
43 70 1
43 78 1
43 146 1
43 151 1
43 170 1
43 173 1
43 176 1
43 182 1
43 183 1
43 186 1
43 192 1
43 198 1
43 204 1
43 206 1
43 226 1
43 227 1
43 236 1
43 246 1
43 256 1
43 259 1
43 260 1
43 263 1
43 266 1
43 274 1
43 291 1
44 45 1
44 46 1
44 53 1
44 72 1
44 75 1
44 93 1
44 94 1
44 99 1
44 108 1
44 119 1
44 120 1
44 124 1
44 125 1
44 133 1
44 140 1
44 146 1
44 148 1
44 150 1
44 193 1
44 202 1
44 204 1
44 219 1
44 220 1
44 225 1
44 238 1
44 243 1
44 270 1
44 271 1
44 297 1
45 96 1
45 137 1
45 144 1
45 178 1
45 179 1
45 185 1
45 188 1
45 193 1
45 197 1
45 201 1
45 202 1
45 214 1
45 220 1
45 224 1
45 236 1
45 237 1
45 247 1
45 261 1
45 263 1
46 53 1
46 63 1
46 77 1
46 82 1
46 103 1
46 112 1
46 130 1
46 131 1
46 136 1
46 139 1
46 152 1
46 153 1
46 155 1
46 171 1
46 178 1
46 188 1
46 192 1
46 196 1
46 206 1
46 211 1
46 216 1
46 220 1
46 224 1
46 229 1
46 230 1
46 246 1
46 248 1
46 259 1
46 273 1
46 274 1
46 277 1
47 56 1
47 62 1
47 64 1
47 83 1
47 97 1
47 103 1
47 105 1
47 113 1
47 114 1
47 123 1
47 141 1
47 161 1
47 170 1
47 171 1
47 173 1
47 182 1
47 187 1
47 205 1
47 214 1
47 223 1
47 241 1
47 242 1
47 248 1
47 264 1
47 290 1
47 291 1
48 53 1
48 56 1
48 58 1
48 78 1
48 89 1
48 90 1
48 97 1
48 102 1
48 118 1
48 132 1
48 140 1
48 169 1
48 170 1
48 174 1
48 181 1
48 215 1
48 218 1
48 225 1
48 231 1
48 235 1
48 236 1
48 241 1
48 254 1
48 267 1
48 284 1
48 286 1
48 288 1
49 55 1
49 63 1
49 69 1
49 84 1
49 91 1
49 96 1
49 97 1
49 99 1
49 142 1
49 149 1
49 151 1
49 163 1
49 168 1
49 183 1
49 190 1
49 223 1
49 255 1
49 258 1
49 269 1
49 270 1
49 273 1
49 274 1
49 299 1
50 71 1
50 79 1
50 86 1
50 99 1
50 100 1
50 105 1
50 110 1
50 122 1
50 133 1
50 134 1
50 147 1
50 152 1
50 163 1
50 170 1
50 175 1
50 177 1
50 180 1
50 183 1
50 194 1
50 195 1
50 196 1
50 210 1
50 213 1
50 214 1
50 239 1
50 244 1
50 246 1
50 248 1
50 257 1
50 260 1
50 262 1
50 267 1
50 276 1
50 293 1
50 298 1
51 65 1
51 83 1
51 91 1
51 101 1
51 107 1
51 111 1
51 114 1
51 118 1
51 121 1
51 129 1
51 145 1
51 146 1
51 169 1
51 171 1
51 176 1
51 193 1
51 207 1
51 216 1
51 235 1
51 257 1
51 262 1
51 269 1
51 282 1
51 287 1
52 53 1
52 54 1
52 68 1
52 73 1
52 79 1
52 80 1
52 102 1
52 106 1
52 113 1
52 135 1
52 141 1
52 142 1
52 157 1
52 163 1
52 173 1
52 176 1
52 180 1
52 223 1
52 237 1
52 242 1
52 245 1
52 263 1
52 268 1
52 279 1
52 297 1
53 56 1
53 68 1
53 104 1
53 109 1
53 116 1
53 123 1
53 136 1
53 157 1
53 158 1
53 160 1
53 162 1
53 164 1
53 173 1
53 175 1
53 177 1
53 180 1
53 188 1
53 221 1
53 231 1
53 236 1
53 239 1
53 246 1
53 248 1
53 253 1
53 259 1
53 262 1
53 282 1
53 293 1
53 295 1
53 297 1
53 299 1
54 62 1
54 82 1
54 94 1
54 96 1
54 115 1
54 117 1
54 124 1
54 128 1
54 129 1
54 131 1
54 155 1
54 166 1
54 167 1
54 174 1
54 182 1
54 184 1
54 188 1
54 192 1
54 215 1
54 226 1
54 241 1
54 245 1
54 246 1
54 249 1
54 255 1
54 261 1
54 268 1
54 271 1
55 68 1
55 76 1
55 79 1
55 87 1
55 105 1
55 125 1
55 134 1
55 147 1
55 148 1
55 151 1
55 153 1
55 154 1
55 161 1
55 168 1
55 184 1
55 193 1
55 200 1
55 212 1
55 216 1
55 217 1
55 228 1
55 229 1
55 243 1
55 267 1
55 272 1
55 274 1
55 284 1
55 296 1
56 58 1
56 77 1
56 85 1
56 93 1
56 121 1
56 124 1
56 128 1
56 141 1
56 148 1
56 151 1
56 159 1
56 164 1
56 188 1
56 190 1
56 198 1
56 204 1
56 218 1
56 223 1
56 237 1
56 242 1
56 248 1
56 276 1
56 290 1
57 60 1
57 65 1
57 70 1
57 83 1
57 88 1
57 90 1
57 156 1
57 174 1
57 175 1
57 180 1
57 183 1
57 207 1
57 209 1
57 236 1
57 238 1
57 243 1
57 266 1
57 277 1
57 280 1
57 289 1
57 294 1
58 64 1
58 67 1
58 78 1
58 86 1
58 97 1
58 104 1
58 114 1
58 135 1
58 136 1
58 144 1
58 154 1
58 165 1
58 184 1
58 225 1
58 242 1
58 245 1
58 256 1
58 257 1
58 260 1
58 261 1
58 295 1
58 296 1
59 64 1
59 67 1
59 68 1
59 72 1
59 73 1
59 110 1
59 119 1
59 142 1
59 148 1
59 176 1
59 210 1
59 221 1
59 228 1
59 259 1
59 273 1
59 280 1
59 283 1
59 286 1
60 78 1
60 79 1
60 82 1
60 85 1
60 97 1
60 99 1
60 107 1
60 109 1
60 117 1
60 118 1
60 123 1
60 136 1
60 145 1
60 160 1
60 166 1
60 181 1
60 189 1
60 192 1
60 200 1
60 202 1
60 209 1
60 210 1
60 211 1
60 238 1
60 253 1
60 261 1
60 276 1
60 282 1
60 284 1
60 289 1
61 97 1
61 98 1
61 110 1
61 114 1
61 124 1
61 157 1
61 159 1
61 166 1
61 171 1
61 209 1
61 211 1
61 212 1
61 216 1
61 224 1
61 236 1
61 248 1
61 249 1
61 261 1
61 269 1
61 280 1
61 286 1
61 297 1
61 299 1
62 70 1
62 83 1
62 114 1
62 140 1
62 141 1
62 171 1
62 178 1
62 179 1
62 184 1
62 188 1
62 194 1
62 203 1
62 206 1
62 209 1
62 210 1
62 212 1
62 216 1
62 223 1
62 230 1
62 251 1
62 257 1
62 277 1
62 279 1
62 292 1
63 81 1
63 82 1
63 83 1
63 106 1
63 113 1
63 137 1
63 156 1
63 161 1
63 174 1
63 208 1
63 215 1
63 224 1
63 233 1
63 241 1
63 250 1
63 251 1
63 254 1
63 256 1
63 268 1
63 283 1
63 288 1
64 70 1
64 71 1
64 80 1
64 83 1
64 84 1
64 88 1
64 92 1
64 96 1
64 116 1
64 118 1
64 139 1
64 140 1
64 160 1
64 166 1
64 171 1
64 174 1
64 195 1
64 197 1
64 206 1
64 234 1
64 235 1
64 236 1
64 247 1
64 253 1
64 262 1
64 264 1
64 290 1
64 294 1
64 295 1
65 68 1
65 72 1
65 74 1
65 78 1
65 95 1
65 99 1
65 106 1
65 111 1
65 125 1
65 128 1
65 132 1
65 146 1
65 160 1
65 172 1
65 188 1
65 199 1
65 207 1
65 221 1
65 226 1
65 229 1
65 251 1
65 268 1
65 290 1
66 92 1
66 96 1
66 99 1
66 115 1
66 120 1
66 121 1
66 126 1
66 128 1
66 143 1
66 149 1
66 161 1
66 179 1
66 192 1
66 195 1
66 201 1
66 214 1
66 216 1
66 218 1
66 219 1
66 224 1
66 237 1
66 246 1
66 258 1
66 261 1
66 263 1
66 271 1
66 279 1
66 286 1
66 299 1
67 76 1
67 86 1
67 91 1
67 96 1
67 98 1
67 106 1
67 122 1
67 138 1
67 150 1
67 160 1
67 175 1
67 184 1
67 194 1
67 214 1
67 221 1
67 227 1
67 233 1
67 239 1
67 266 1
67 270 1
67 273 1
67 297 1
68 83 1
68 104 1
68 113 1
68 115 1
68 141 1
68 162 1
68 201 1
68 207 1
68 210 1
68 218 1
68 222 1
68 238 1
68 239 1
68 240 1
68 255 1
68 262 1
68 268 1
68 277 1
68 285 1
68 291 1
68 299 1
69 88 1
69 89 1
69 112 1
69 115 1
69 116 1
69 125 1
69 135 1
69 152 1
69 158 1
69 159 1
69 180 1
69 196 1
69 208 1
69 212 1
69 214 1
69 215 1
69 224 1
69 229 1
69 233 1
69 234 1
69 237 1
69 240 1
69 242 1
69 264 1
69 268 1
69 284 1
70 80 1
70 82 1
70 101 1
70 104 1
70 122 1
70 133 1
70 134 1
70 137 1
70 144 1
70 148 1
70 155 1
70 156 1
70 179 1
70 193 1
70 194 1
70 207 1
70 214 1
70 216 1
70 230 1
70 258 1
70 271 1
70 290 1
70 291 1
70 299 1
71 108 1
71 111 1
71 123 1
71 132 1
71 141 1
71 154 1
71 164 1
71 168 1
71 170 1
71 173 1
71 198 1
71 212 1
71 214 1
71 243 1
71 244 1
71 246 1
71 247 1
71 257 1
71 262 1
71 265 1
71 296 1
71 297 1
71 299 1
72 85 1
72 95 1
72 105 1
72 112 1
72 122 1
72 126 1
72 138 1
72 145 1
72 151 1
72 152 1
72 178 1
72 185 1
72 199 1
72 215 1
72 219 1
72 227 1
72 233 1
72 234 1
72 236 1
72 266 1
72 281 1
72 290 1
73 76 1
73 82 1
73 86 1
73 111 1
73 118 1
73 141 1
73 163 1
73 168 1
73 170 1
73 181 1
73 183 1
73 190 1
73 192 1
73 198 1
73 209 1
73 215 1
73 223 1
73 232 1
73 235 1
73 242 1
73 244 1
73 248 1
73 263 1
73 268 1
73 274 1
73 278 1
73 299 1
74 76 1
74 84 1
74 88 1
74 96 1
74 101 1
74 103 1
74 111 1
74 114 1
74 117 1
74 118 1
74 122 1
74 141 1
74 145 1
74 149 1
74 158 1
74 170 1
74 174 1
74 175 1
74 189 1
74 191 1
74 192 1
74 210 1
74 216 1
74 246 1
74 248 1
74 253 1
74 293 1
75 93 1
75 104 1
75 114 1
75 117 1
75 119 1
75 126 1
75 137 1
75 153 1
75 156 1
75 160 1
75 163 1
75 167 1
75 192 1
75 216 1
75 226 1
75 243 1
75 287 1
76 77 1
76 89 1
76 93 1
76 94 1
76 99 1
76 148 1
76 154 1
76 158 1
76 159 1
76 181 1
76 183 1
76 188 1
76 203 1
76 222 1
76 240 1
76 265 1
76 276 1
76 291 1
77 87 1
77 92 1
77 98 1
77 107 1
77 113 1
77 114 1
77 122 1
77 123 1
77 131 1
77 149 1
77 153 1
77 155 1
77 163 1
77 171 1
77 176 1
77 182 1
77 187 1
77 201 1
77 204 1
77 211 1
77 225 1
77 235 1
77 253 1
77 262 1
77 283 1
77 298 1
78 90 1
78 124 1
78 127 1
78 135 1
78 142 1
78 155 1
78 179 1
78 188 1
78 189 1
78 192 1
78 199 1
78 212 1
78 232 1
78 234 1
78 249 1
78 276 1
78 288 1
78 294 1
78 295 1
79 87 1
79 95 1
79 96 1
79 97 1
79 111 1
79 118 1
79 124 1
79 130 1
79 133 1
79 134 1
79 145 1
79 147 1
79 161 1
79 169 1
79 172 1
79 181 1
79 182 1
79 204 1
79 205 1
79 231 1
79 250 1
79 254 1
79 259 1
79 260 1
79 262 1
79 279 1
79 284 1
79 285 1
79 289 1
80 85 1
80 103 1
80 110 1
80 128 1
80 132 1
80 139 1
80 146 1
80 147 1
80 153 1
80 158 1
80 187 1
80 188 1
80 208 1
80 238 1
80 243 1
80 251 1
80 290 1
80 299 1
81 107 1
81 133 1
81 147 1
81 152 1
81 182 1
81 186 1
81 199 1
81 204 1
81 217 1
81 243 1
81 248 1
81 266 1
81 267 1
81 269 1
81 274 1
81 285 1
81 290 1
81 294 1
82 108 1
82 111 1
82 140 1
82 161 1
82 162 1
82 166 1
82 168 1
82 176 1
82 200 1
82 226 1
82 240 1
82 244 1
82 249 1
82 263 1
82 264 1
82 268 1
82 269 1
83 88 1
83 104 1
83 117 1
83 121 1
83 123 1
83 146 1
83 147 1
83 151 1
83 152 1
83 164 1
83 165 1
83 172 1
83 179 1
83 182 1
83 199 1
83 200 1
83 207 1
83 225 1
83 231 1
83 242 1
83 260 1
83 265 1
83 270 1
83 272 1
83 273 1
83 274 1
83 276 1
83 282 1
83 293 1
83 299 1
84 95 1
84 100 1
84 102 1
84 119 1
84 127 1
84 130 1
84 135 1
84 141 1
84 149 1
84 155 1
84 163 1
84 168 1
84 178 1
84 190 1
84 226 1
84 232 1
84 239 1
84 250 1
84 260 1
84 267 1
84 275 1
84 276 1
85 91 1
85 97 1
85 119 1
85 137 1
85 144 1
85 146 1
85 150 1
85 151 1
85 163 1
85 166 1
85 167 1
85 189 1
85 198 1
85 211 1
85 244 1
85 248 1
85 254 1
85 262 1
86 128 1
86 129 1
86 132 1
86 170 1
86 205 1
86 207 1
86 219 1
86 220 1
86 238 1
86 261 1
86 275 1
86 292 1
87 102 1
87 117 1
87 136 1
87 146 1
87 151 1
87 159 1
87 163 1
87 174 1
87 193 1
87 203 1
87 231 1
87 234 1
87 236 1
87 238 1
87 248 1
87 251 1
87 261 1
87 280 1
87 282 1
87 288 1
87 292 1
87 294 1
87 299 1
88 89 1
88 92 1
88 107 1
88 113 1
88 117 1
88 120 1
88 137 1
88 145 1
88 153 1
88 189 1
88 192 1
88 195 1
88 213 1
88 222 1
88 225 1
88 229 1
88 237 1
88 256 1
88 261 1
88 276 1
88 285 1
88 299 1
89 100 1
89 101 1
89 108 1
89 109 1
89 123 1
89 127 1
89 140 1
89 146 1
89 157 1
89 158 1
89 168 1
89 175 1
89 179 1
89 188 1
89 200 1
89 201 1
89 207 1
89 211 1
89 221 1
89 239 1
89 243 1
89 245 1
89 254 1
89 260 1
89 262 1
89 269 1
89 282 1
89 294 1
90 103 1
90 110 1
90 129 1
90 135 1
90 149 1
90 159 1
90 166 1
90 174 1
90 177 1
90 184 1
90 197 1
90 220 1
90 228 1
90 233 1
90 266 1
90 270 1
90 277 1
91 93 1
91 101 1
91 104 1
91 111 1
91 123 1
91 128 1
91 132 1
91 133 1
91 138 1
91 139 1
91 152 1
91 162 1
91 175 1
91 181 1
91 195 1
91 205 1
91 239 1
91 259 1
91 269 1
91 284 1
91 285 1
91 290 1
92 96 1
92 117 1
92 124 1
92 129 1
92 132 1
92 140 1
92 152 1
92 158 1
92 165 1
92 167 1
92 170 1
92 192 1
92 210 1
92 213 1
92 230 1
92 239 1
92 266 1
92 282 1
93 112 1
93 117 1
93 134 1
93 136 1
93 163 1
93 168 1
93 174 1
93 180 1
93 202 1
93 210 1
93 225 1
93 228 1
93 234 1
93 249 1
93 251 1
93 257 1
93 266 1
93 270 1
93 273 1
93 282 1
94 98 1
94 99 1
94 115 1
94 117 1
94 137 1
94 144 1
94 150 1
94 162 1
94 164 1
94 185 1
94 195 1
94 197 1
94 210 1
94 212 1
94 222 1
94 229 1
94 235 1
94 245 1
94 249 1
94 265 1
94 271 1
94 278 1
94 293 1
94 297 1
95 100 1
95 112 1
95 113 1
95 116 1
95 136 1
95 149 1
95 151 1
95 152 1
95 166 1
95 184 1
95 187 1
95 188 1
95 191 1
95 192 1
95 201 1
95 221 1
95 227 1
95 231 1
95 237 1
95 248 1
95 252 1
95 253 1
95 264 1
95 271 1
96 99 1
96 102 1
96 117 1
96 119 1
96 128 1
96 134 1
96 154 1
96 159 1
96 162 1
96 175 1
96 186 1
96 209 1
96 216 1
96 242 1
96 256 1
96 266 1
96 275 1
96 296 1
96 298 1
97 100 1
97 110 1
97 111 1
97 125 1
97 145 1
97 166 1
97 168 1
97 174 1
97 200 1
97 203 1
97 216 1
97 247 1
97 249 1
97 266 1
97 295 1
97 297 1
98 99 1
98 104 1
98 151 1
98 175 1
98 180 1
98 182 1
98 192 1
98 210 1
98 218 1
98 224 1
98 228 1
98 235 1
98 237 1
98 252 1
98 280 1
98 285 1
99 103 1
99 108 1
99 112 1
99 115 1
99 123 1
99 128 1
99 136 1
99 137 1
99 152 1
99 169 1
99 178 1
99 194 1
99 215 1
99 228 1
99 233 1
99 239 1
99 245 1
99 257 1
99 282 1
100 107 1
100 120 1
100 129 1
100 147 1
100 150 1
100 157 1
100 158 1
100 206 1
100 226 1
100 230 1
100 250 1
100 251 1
100 260 1
100 284 1
100 285 1
100 287 1
100 290 1
100 295 1
101 108 1
101 119 1
101 131 1
101 140 1
101 156 1
101 169 1
101 172 1
101 199 1
101 201 1
101 218 1
101 222 1
101 225 1
101 240 1
101 243 1
101 259 1
101 266 1
101 267 1
101 276 1
101 283 1
101 289 1
101 292 1
102 103 1
102 113 1
102 115 1
102 123 1
102 128 1
102 132 1
102 138 1
102 142 1
102 153 1
102 160 1
102 168 1
102 169 1
102 172 1
102 175 1
102 178 1
102 180 1
102 184 1
102 188 1
102 201 1
102 226 1
102 232 1
102 248 1
102 249 1
102 253 1
102 266 1
102 286 1
102 291 1
102 298 1
103 122 1
103 123 1
103 128 1
103 151 1
103 159 1
103 166 1
103 176 1
103 177 1
103 179 1
103 181 1
103 199 1
103 206 1
103 207 1
103 220 1
103 226 1
103 246 1
103 248 1
103 253 1
103 256 1
103 261 1
103 269 1
103 274 1
103 289 1
103 297 1
104 107 1
104 119 1
104 123 1
104 132 1
104 142 1
104 146 1
104 152 1
104 154 1
104 155 1
104 157 1
104 186 1
104 188 1
104 194 1
104 198 1
104 209 1
104 213 1
104 224 1
104 230 1
104 231 1
104 236 1
104 238 1
104 239 1
104 253 1
104 263 1
104 264 1
104 272 1
104 277 1
104 291 1
105 115 1
105 136 1
105 155 1
105 158 1
105 172 1
105 178 1
105 191 1
105 202 1
105 242 1
105 246 1
105 260 1
105 267 1
105 271 1
105 283 1
105 296 1
105 298 1
106 108 1
106 115 1
106 125 1
106 143 1
106 149 1
106 165 1
106 169 1
106 175 1
106 192 1
106 227 1
106 233 1
106 235 1
106 240 1
106 270 1
106 277 1
106 279 1
106 287 1
106 288 1
106 293 1
106 296 1
107 110 1
107 161 1
107 175 1
107 209 1
107 211 1
107 222 1
107 225 1
107 250 1
107 254 1
107 258 1
107 259 1
107 292 1
108 109 1
108 112 1
108 116 1
108 123 1
108 153 1
108 154 1
108 160 1
108 170 1
108 189 1
108 237 1
108 262 1
108 264 1
108 297 1
109 115 1
109 116 1
109 121 1
109 149 1
109 154 1
109 155 1
109 171 1
109 183 1
109 200 1
109 224 1
109 229 1
109 233 1
109 269 1
109 272 1
109 276 1
109 287 1
110 126 1
110 140 1
110 160 1
110 188 1
110 199 1
110 201 1
110 208 1
110 245 1
110 247 1
110 252 1
110 282 1
110 292 1
110 295 1
110 299 1
111 114 1
111 115 1
111 118 1
111 141 1
111 152 1
111 165 1
111 169 1
111 171 1
111 202 1
111 208 1
111 210 1
111 217 1
111 233 1
111 239 1
111 247 1
111 272 1
111 280 1
112 115 1
112 119 1
112 124 1
112 135 1
112 141 1
112 150 1
112 151 1
112 160 1
112 171 1
112 191 1
112 199 1
112 201 1
112 207 1
112 215 1
112 223 1
112 235 1
112 240 1
112 243 1
112 259 1
112 262 1
112 271 1
112 272 1
112 276 1
113 138 1
113 146 1
113 158 1
113 181 1
113 182 1
113 185 1
113 198 1
113 202 1
113 216 1
113 235 1
113 260 1
113 287 1
114 115 1
114 116 1
114 129 1
114 137 1
114 148 1
114 156 1
114 161 1
114 190 1
114 203 1
114 213 1
114 225 1
114 233 1
114 247 1
115 116 1
115 119 1
115 123 1
115 132 1
115 139 1
115 140 1
115 141 1
115 144 1
115 148 1
115 166 1
115 199 1
115 200 1
115 201 1
115 223 1
115 229 1
115 232 1
115 262 1
115 269 1
115 270 1
115 276 1
115 279 1
116 117 1
116 141 1
116 142 1
116 163 1
116 168 1
116 188 1
116 196 1
116 200 1
116 208 1
116 215 1
116 223 1
116 224 1
116 227 1
116 236 1
116 244 1
116 245 1
116 246 1
116 247 1
116 248 1
116 258 1
116 272 1
116 275 1
116 283 1
116 296 1
117 133 1
117 138 1
117 150 1
117 156 1
117 167 1
117 168 1
117 194 1
117 229 1
117 232 1
117 236 1
117 256 1
117 258 1
117 262 1
117 274 1
117 286 1
117 293 1
118 120 1
118 165 1
118 173 1
118 174 1
118 179 1
118 191 1
118 213 1
118 231 1
118 239 1
118 243 1
118 271 1
118 275 1
118 278 1
118 283 1
118 292 1
119 125 1
119 129 1
119 135 1
119 136 1
119 141 1
119 143 1
119 146 1
119 172 1
119 173 1
119 175 1
119 182 1
119 184 1
119 216 1
119 219 1
119 221 1
119 229 1
119 231 1
119 237 1
119 268 1
119 271 1
119 282 1
119 293 1
120 135 1
120 136 1
120 149 1
120 151 1
120 163 1
120 164 1
120 166 1
120 177 1
120 179 1
120 195 1
120 215 1
120 217 1
120 226 1
120 229 1
120 233 1
120 248 1
120 260 1
120 271 1
120 277 1
121 124 1
121 131 1
121 140 1
121 168 1
121 173 1
121 180 1
121 186 1
121 198 1
121 209 1
121 225 1
121 227 1
121 231 1
121 240 1
121 245 1
121 250 1
121 253 1
121 257 1
121 263 1
121 279 1
121 295 1
122 125 1
122 136 1
122 137 1
122 149 1
122 162 1
122 164 1
122 180 1
122 190 1
122 201 1
122 203 1
122 229 1
122 230 1
122 233 1
122 252 1
122 273 1
122 287 1
122 299 1
123 127 1
123 129 1
123 145 1
123 151 1
123 154 1
123 155 1
123 158 1
123 159 1
123 161 1
123 188 1
123 216 1
123 227 1
123 232 1
123 233 1
123 243 1
123 265 1
123 282 1
123 286 1
124 131 1
124 140 1
124 142 1
124 145 1
124 146 1
124 153 1
124 166 1
124 187 1
124 196 1
124 208 1
124 219 1
124 223 1
124 225 1
124 230 1
124 250 1
124 265 1
124 278 1
124 298 1
125 168 1
125 182 1
125 188 1
125 200 1
125 202 1
125 209 1
125 218 1
125 224 1
125 231 1
125 237 1
125 239 1
125 248 1
125 254 1
125 268 1
125 285 1
126 134 1
126 145 1
126 147 1
126 150 1
126 155 1
126 164 1
126 184 1
126 191 1
126 197 1
126 215 1
126 217 1
126 227 1
126 255 1
126 261 1
126 276 1
126 277 1
126 281 1
126 286 1
127 154 1
127 155 1
127 158 1
127 163 1
127 164 1
127 166 1
127 167 1
127 168 1
127 169 1
127 172 1
127 175 1
127 180 1
127 182 1
127 195 1
127 204 1
127 217 1
127 225 1
127 238 1
127 244 1
127 261 1
127 298 1
128 130 1
128 137 1
128 141 1
128 148 1
128 153 1
128 167 1
128 174 1
128 179 1
128 183 1
128 190 1
128 192 1
128 208 1
128 215 1
128 216 1
128 229 1
128 233 1
128 249 1
128 256 1
128 258 1
128 259 1
128 266 1
128 279 1
128 284 1
128 289 1
129 139 1
129 145 1
129 153 1
129 154 1
129 157 1
129 178 1
129 188 1
129 203 1
129 218 1
129 228 1
129 242 1
129 248 1
129 250 1
129 256 1
129 265 1
129 284 1
129 293 1
129 299 1
130 135 1
130 143 1
130 154 1
130 167 1
130 175 1
130 191 1
130 195 1
130 218 1
130 222 1
130 225 1
130 236 1
130 248 1
130 260 1
130 265 1
130 276 1
130 279 1
130 281 1
131 156 1
131 160 1
131 174 1
131 184 1
131 212 1
131 214 1
131 224 1
131 225 1
131 237 1
131 256 1
131 262 1
131 270 1
131 283 1
131 284 1
131 288 1
131 291 1
131 296 1
131 298 1
132 135 1
132 139 1
132 152 1
132 158 1
132 184 1
132 220 1
132 225 1
132 226 1
132 236 1
132 244 1
132 246 1
132 249 1
132 251 1
132 266 1
132 270 1
132 271 1
133 143 1
133 159 1
133 168 1
133 172 1
133 186 1
133 207 1
133 210 1
133 211 1
133 212 1
133 217 1
133 219 1
133 227 1
133 231 1
133 242 1
133 244 1
133 254 1
133 257 1
133 269 1
133 274 1
133 287 1
133 293 1
134 160 1
134 161 1
134 186 1
134 225 1
134 229 1
134 234 1
134 246 1
134 284 1
134 285 1
135 150 1
135 171 1
135 200 1
135 203 1
135 207 1
135 210 1
135 220 1
135 229 1
135 230 1
135 236 1
135 242 1
135 248 1
135 258 1
135 264 1
135 269 1
135 280 1
135 284 1
136 179 1
136 181 1
136 184 1
136 190 1
136 193 1
136 202 1
136 214 1
136 218 1
136 220 1
136 245 1
136 253 1
136 257 1
136 259 1
136 266 1
137 138 1
137 151 1
137 160 1
137 161 1
137 164 1
137 173 1
137 175 1
137 205 1
137 211 1
137 234 1
137 245 1
137 253 1
137 254 1
137 258 1
137 263 1
137 273 1
137 276 1
137 284 1
137 296 1
137 299 1
138 155 1
138 170 1
138 182 1
138 185 1
138 190 1
138 196 1
138 203 1
138 205 1
138 226 1
138 244 1
138 253 1
138 260 1
138 271 1
138 284 1
138 290 1
138 291 1
138 299 1
139 149 1
139 174 1
139 176 1
139 177 1
139 193 1
139 197 1
139 214 1
139 217 1
139 225 1
139 260 1
139 266 1
139 270 1
140 150 1
140 155 1
140 175 1
140 180 1
140 197 1
140 201 1
140 217 1
140 218 1
140 229 1
140 275 1
140 277 1
140 298 1
141 142 1
141 151 1
141 154 1
141 165 1
141 167 1
141 179 1
141 181 1
141 197 1
141 204 1
141 205 1
141 211 1
141 213 1
141 219 1
141 226 1
141 244 1
141 260 1
141 266 1
141 272 1
141 273 1
141 284 1
141 288 1
142 146 1
142 165 1
142 167 1
142 183 1
142 195 1
142 209 1
142 217 1
142 218 1
142 225 1
142 229 1
142 236 1
142 241 1
142 246 1
142 249 1
142 251 1
142 261 1
142 262 1
142 274 1
142 280 1
142 299 1
143 152 1
143 153 1
143 154 1
143 175 1
143 178 1
143 205 1
143 208 1
143 225 1
143 240 1
143 244 1
143 250 1
143 254 1
143 282 1
143 286 1
143 292 1
143 294 1
143 298 1
144 146 1
144 160 1
144 166 1
144 177 1
144 196 1
144 221 1
144 223 1
144 243 1
144 244 1
144 263 1
144 265 1
144 267 1
144 285 1
144 287 1
144 291 1
145 153 1
145 154 1
145 161 1
145 165 1
145 168 1
145 171 1
145 172 1
145 197 1
145 205 1
145 227 1
145 245 1
145 259 1
145 269 1
145 288 1
146 161 1
146 167 1
146 168 1
146 172 1
146 207 1
146 210 1
146 217 1
146 223 1
146 229 1
146 239 1
146 251 1
146 252 1
146 276 1
146 277 1
146 278 1
146 288 1
146 297 1
147 149 1
147 157 1
147 187 1
147 194 1
147 201 1
147 226 1
147 246 1
147 252 1
147 253 1
147 262 1
147 263 1
147 272 1
147 273 1
147 289 1
147 297 1
147 298 1
147 299 1
148 158 1
148 161 1
148 176 1
148 187 1
148 195 1
148 198 1
148 200 1
148 216 1
148 225 1
148 242 1
148 243 1
148 244 1
148 264 1
148 283 1
148 297 1
148 298 1
149 168 1
149 221 1
149 240 1
149 244 1
149 256 1
149 265 1
149 276 1
149 279 1
149 283 1
149 285 1
150 169 1
150 173 1
150 177 1
150 186 1
150 189 1
150 213 1
150 219 1
150 234 1
150 252 1
150 254 1
150 255 1
150 285 1
151 165 1
151 169 1
151 176 1
151 182 1
151 200 1
151 220 1
151 223 1
151 238 1
151 249 1
151 251 1
151 255 1
151 260 1
151 272 1
151 292 1
152 168 1
152 178 1
152 213 1
152 218 1
152 227 1
152 248 1
152 249 1
152 268 1
152 269 1
153 158 1
153 168 1
153 174 1
153 179 1
153 183 1
153 190 1
153 206 1
153 213 1
153 219 1
153 231 1
153 232 1
153 234 1
153 237 1
153 244 1
153 260 1
154 157 1
154 173 1
154 177 1
154 190 1
154 193 1
154 203 1
154 209 1
154 211 1
154 223 1
154 228 1
154 246 1
154 247 1
154 255 1
154 283 1
155 162 1
155 189 1
155 199 1
155 205 1
155 232 1
155 250 1
155 253 1
155 257 1
155 281 1
155 285 1
155 287 1
156 186 1
156 213 1
156 234 1
156 247 1
156 250 1
156 256 1
156 269 1
156 275 1
156 277 1
156 288 1
157 167 1
157 171 1
157 200 1
157 205 1
157 207 1
157 209 1
157 210 1
157 231 1
157 234 1
157 245 1
157 274 1
158 169 1
158 173 1
158 175 1
158 201 1
158 202 1
158 216 1
158 229 1
158 245 1
158 258 1
158 266 1
158 278 1
158 285 1
158 286 1
158 299 1
159 164 1
159 179 1
159 188 1
159 203 1
159 211 1
159 214 1
159 222 1
159 224 1
159 237 1
159 240 1
159 255 1
159 276 1
159 296 1
160 164 1
160 181 1
160 184 1
160 185 1
160 190 1
160 201 1
160 203 1
160 205 1
160 217 1
160 218 1
160 229 1
160 262 1
160 270 1
160 271 1
160 279 1
161 173 1
161 193 1
161 194 1
161 197 1
161 209 1
161 210 1
161 224 1
161 225 1
161 238 1
161 251 1
161 261 1
161 275 1
161 276 1
161 293 1
162 175 1
162 192 1
162 200 1
162 231 1
162 246 1
162 270 1
162 281 1
162 296 1
163 169 1
163 170 1
163 173 1
163 196 1
163 218 1
163 224 1
163 254 1
163 263 1
163 276 1
163 279 1
164 167 1
164 180 1
164 191 1
164 204 1
164 214 1
164 230 1
164 237 1
164 246 1
164 252 1
164 258 1
164 272 1
164 276 1
164 285 1
164 293 1
164 298 1
165 167 1
165 172 1
165 177 1
165 206 1
165 209 1
165 214 1
165 218 1
165 221 1
165 222 1
165 223 1
165 225 1
165 232 1
165 242 1
165 266 1
165 267 1
165 277 1
165 278 1
166 186 1
166 189 1
166 209 1
166 214 1
166 216 1
166 229 1
166 246 1
166 253 1
166 257 1
166 263 1
166 271 1
166 274 1
166 278 1
166 280 1
166 281 1
166 293 1
166 294 1
166 295 1
167 180 1
167 184 1
167 234 1
167 248 1
167 251 1
167 254 1
167 268 1
167 270 1
167 277 1
167 278 1
167 282 1
167 285 1
167 297 1
168 187 1
168 208 1
168 209 1
168 225 1
168 247 1
168 255 1
168 271 1
168 284 1
168 297 1
168 298 1
169 182 1
169 200 1
169 209 1
169 214 1
169 255 1
169 274 1
169 299 1
170 172 1
170 176 1
170 193 1
170 201 1
170 203 1
170 216 1
170 219 1
170 220 1
170 222 1
170 266 1
170 270 1
170 271 1
170 283 1
170 289 1
170 298 1
171 172 1
171 176 1
171 184 1
171 202 1
171 206 1
171 207 1
171 215 1
171 226 1
171 227 1
171 239 1
171 240 1
171 241 1
171 248 1
171 254 1
171 256 1
171 258 1
171 274 1
171 292 1
172 173 1
172 183 1
172 191 1
172 192 1
172 193 1
172 196 1
172 212 1
172 222 1
172 237 1
172 246 1
172 281 1
172 283 1
172 299 1
173 183 1
173 186 1
173 191 1
173 196 1
173 202 1
173 218 1
173 219 1
173 248 1
173 254 1
173 292 1
174 177 1
174 188 1
174 203 1
174 207 1
174 216 1
174 230 1
174 234 1
174 241 1
174 258 1
174 276 1
174 278 1
174 279 1
175 200 1
175 205 1
175 206 1
175 209 1
175 274 1
175 281 1
176 209 1
176 226 1
176 237 1
176 245 1
176 250 1
176 272 1
176 283 1
177 183 1
177 184 1
177 207 1
177 209 1
177 213 1
177 233 1
177 258 1
177 259 1
177 274 1
177 277 1
177 283 1
177 293 1
178 180 1
178 183 1
178 184 1
178 196 1
178 224 1
178 227 1
178 235 1
178 238 1
178 240 1
178 243 1
178 251 1
178 255 1
178 281 1
178 291 1
179 182 1
179 197 1
179 200 1
179 205 1
179 210 1
179 217 1
179 226 1
179 239 1
179 244 1
179 256 1
179 261 1
179 263 1
179 279 1
179 281 1
179 284 1
179 287 1
179 291 1
180 186 1
180 191 1
180 220 1
180 228 1
180 239 1
180 245 1
180 261 1
180 279 1
180 281 1
180 287 1
180 291 1
181 184 1
181 195 1
181 196 1
181 199 1
181 201 1
181 208 1
181 211 1
181 214 1
181 233 1
181 238 1
181 266 1
181 281 1
182 190 1
182 195 1
182 238 1
182 239 1
182 248 1
182 254 1
182 263 1
182 266 1
182 267 1
182 270 1
182 272 1
182 275 1
182 283 1
182 284 1
182 290 1
182 291 1
183 189 1
183 198 1
183 215 1
183 223 1
183 229 1
183 253 1
183 258 1
183 263 1
183 267 1
183 268 1
183 270 1
183 280 1
183 281 1
183 293 1
184 192 1
184 203 1
184 213 1
184 227 1
184 237 1
184 242 1
184 257 1
184 261 1
184 266 1
184 268 1
184 281 1
184 287 1
184 290 1
185 203 1
185 211 1
185 213 1
185 227 1
185 237 1
185 255 1
185 259 1
185 279 1
185 292 1
186 192 1
186 210 1
186 237 1
186 241 1
186 292 1
186 299 1
187 188 1
187 206 1
187 235 1
187 237 1
187 258 1
187 263 1
187 267 1
187 270 1
187 292 1
187 294 1
187 298 1
188 222 1
188 236 1
188 241 1
188 244 1
188 262 1
188 274 1
188 275 1
188 295 1
189 191 1
189 221 1
189 244 1
189 252 1
189 253 1
189 266 1
189 270 1
189 277 1
190 197 1
190 220 1
190 224 1
190 234 1
190 251 1
190 258 1
190 275 1
190 285 1
190 287 1
191 210 1
191 213 1
191 231 1
191 248 1
191 252 1
191 256 1
191 260 1
191 278 1
191 289 1
192 193 1
192 195 1
192 222 1
192 242 1
192 244 1
192 256 1
192 259 1
192 263 1
192 270 1
192 277 1
192 285 1
192 287 1
192 294 1
193 200 1
193 204 1
193 217 1
193 228 1
193 238 1
193 257 1
193 295 1
193 298 1
193 299 1
194 197 1
194 200 1
194 205 1
194 217 1
194 249 1
194 282 1
194 286 1
194 290 1
194 293 1
195 219 1
195 226 1
195 232 1
195 234 1
195 243 1
195 258 1
195 266 1
195 273 1
195 275 1
195 283 1
195 296 1
196 204 1
196 205 1
196 207 1
196 209 1
196 222 1
196 227 1
196 232 1
196 247 1
196 259 1
196 285 1
196 292 1
197 198 1
197 201 1
197 206 1
197 225 1
197 248 1
197 249 1
197 261 1
197 272 1
197 273 1
197 276 1
197 281 1
197 283 1
197 290 1
197 292 1
197 296 1
198 200 1
198 201 1
198 207 1
198 211 1
198 214 1
198 237 1
198 264 1
198 278 1
198 290 1
198 292 1
199 202 1
199 203 1
199 211 1
199 215 1
199 221 1
199 222 1
199 232 1
199 234 1
199 246 1
199 256 1
199 261 1
199 263 1
199 269 1
199 270 1
199 274 1
199 276 1
199 288 1
199 290 1
199 298 1
200 215 1
200 218 1
200 222 1
200 224 1
200 226 1
200 228 1
200 233 1
200 242 1
200 243 1
200 269 1
200 272 1
200 276 1
200 278 1
200 287 1
200 292 1
201 249 1
201 254 1
201 267 1
201 277 1
201 284 1
201 293 1
202 207 1
202 229 1
202 231 1
202 237 1
202 242 1
202 248 1
202 267 1
202 288 1
202 295 1
202 297 1
203 211 1
203 213 1
203 225 1
203 234 1
203 265 1
203 284 1
203 293 1
203 294 1
203 295 1
204 210 1
204 211 1
204 213 1
204 217 1
204 226 1
204 245 1
204 259 1
204 281 1
204 284 1
204 287 1
204 299 1
205 209 1
205 210 1
205 222 1
205 231 1
205 256 1
205 260 1
205 280 1
205 285 1
205 289 1
205 293 1
206 225 1
206 228 1
206 242 1
206 248 1
206 250 1
206 261 1
206 268 1
206 273 1
206 283 1
206 289 1
206 298 1
207 217 1
207 220 1
207 222 1
207 246 1
207 258 1
207 263 1
207 276 1
207 298 1
208 242 1
208 247 1
208 254 1
208 257 1
208 262 1
209 257 1
209 271 1
209 272 1
209 283 1
209 289 1
210 212 1
210 216 1
210 222 1
210 232 1
210 237 1
210 246 1
210 254 1
210 262 1
210 271 1
210 283 1
210 285 1
210 297 1
211 215 1
211 226 1
211 245 1
211 246 1
211 266 1
211 275 1
211 278 1
212 215 1
212 220 1
212 224 1
212 229 1
212 237 1
212 245 1
212 247 1
212 250 1
212 255 1
212 263 1
212 269 1
212 275 1
212 280 1
212 287 1
213 225 1
213 242 1
213 248 1
213 258 1
213 260 1
213 265 1
213 269 1
213 277 1
213 293 1
213 294 1
213 297 1
214 235 1
214 253 1
214 255 1
214 261 1
214 263 1
214 268 1
214 270 1
214 283 1
214 284 1
214 291 1
214 293 1
215 223 1
215 226 1
215 239 1
215 252 1
215 257 1
215 263 1
215 269 1
215 283 1
216 241 1
216 262 1
216 271 1
216 279 1
216 281 1
216 284 1
217 222 1
217 230 1
217 238 1
217 252 1
217 269 1
217 271 1
217 277 1
218 233 1
218 251 1
218 253 1
218 260 1
218 266 1
218 267 1
219 240 1
219 243 1
219 261 1
219 262 1
219 272 1
219 278 1
219 283 1
220 246 1
220 248 1
220 259 1
220 260 1
220 293 1
220 295 1
221 237 1
221 241 1
222 264 1
222 268 1
222 277 1
222 284 1
223 238 1
223 240 1
223 241 1
223 248 1
223 249 1
223 281 1
223 287 1
223 293 1
223 299 1
224 227 1
224 231 1
224 235 1
224 251 1
224 271 1
224 276 1
224 298 1
225 251 1
225 255 1
225 262 1
225 263 1
225 278 1
225 282 1
226 238 1
226 244 1
226 255 1
226 266 1
226 274 1
226 275 1
226 290 1
226 291 1
226 297 1
227 230 1
227 231 1
227 233 1
227 240 1
227 252 1
227 270 1
227 288 1
227 299 1
228 235 1
228 246 1
228 257 1
228 260 1
228 264 1
228 284 1
228 296 1
229 255 1
229 283 1
229 287 1
230 234 1
230 248 1
230 255 1
230 265 1
230 271 1
230 280 1
230 286 1
230 287 1
230 297 1
231 240 1
231 255 1
231 261 1
231 277 1
231 298 1
232 248 1
232 262 1
232 271 1
232 273 1
232 281 1
232 297 1
233 240 1
233 267 1
233 276 1
233 288 1
233 291 1
233 294 1
234 236 1
234 241 1
234 243 1
234 248 1
234 256 1
234 274 1
234 277 1
234 282 1
234 293 1
235 246 1
235 252 1
235 258 1
235 282 1
235 290 1
235 292 1
235 295 1
236 267 1
237 241 1
237 251 1
237 256 1
237 261 1
237 262 1
237 267 1
237 282 1
238 246 1
238 255 1
238 264 1
238 265 1
238 269 1
238 287 1
238 288 1
238 293 1
239 250 1
239 265 1
239 286 1
240 258 1
240 263 1
240 265 1
240 271 1
240 282 1
240 291 1
240 294 1
240 299 1
241 242 1
241 264 1
241 268 1
241 270 1
242 255 1
242 262 1
242 268 1
242 271 1
242 277 1
242 285 1
242 287 1
242 291 1
243 258 1
243 259 1
243 281 1
243 282 1
243 292 1
244 247 1
244 256 1
244 262 1
244 264 1
244 265 1
244 266 1
244 285 1
244 286 1
244 289 1
245 246 1
245 250 1
245 259 1
245 263 1
245 265 1
246 255 1
246 265 1
246 288 1
246 290 1
247 277 1
247 279 1
248 250 1
248 287 1
248 296 1
248 297 1
248 299 1
249 252 1
249 259 1
249 260 1
249 282 1
249 283 1
250 262 1
250 289 1
250 299 1
251 253 1
251 254 1
251 266 1
251 279 1
251 288 1
252 259 1
252 260 1
252 274 1
252 281 1
252 284 1
253 260 1
253 277 1
253 297 1
253 299 1
254 281 1
254 283 1
254 295 1
254 298 1
255 275 1
255 276 1
255 282 1
256 260 1
256 272 1
256 290 1
256 297 1
257 269 1
257 296 1
258 262 1
258 263 1
258 298 1
259 262 1
259 281 1
259 285 1
260 299 1
261 280 1
261 287 1
261 289 1
261 299 1
262 263 1
262 284 1
262 299 1
263 287 1
263 291 1
263 297 1
264 266 1
264 274 1
264 277 1
264 279 1
264 281 1
264 284 1
264 295 1
264 296 1
265 285 1
266 269 1
266 290 1
266 291 1
266 294 1
267 280 1
267 283 1
267 290 1
267 291 1
268 269 1
268 296 1
268 297 1
269 271 1
269 278 1
269 284 1
270 286 1
271 275 1
272 277 1
272 284 1
272 287 1
272 291 1
272 292 1
273 290 1
273 294 1
274 275 1
274 278 1
274 282 1
274 291 1
274 295 1
275 276 1
275 280 1
275 286 1
275 293 1
275 296 1
275 297 1
276 281 1
276 289 1
277 278 1
277 284 1
278 279 1
278 292 1
279 282 1
279 288 1
279 297 1
280 283 1
280 295 1
282 291 1
283 289 1
283 293 1
283 296 1
284 291 1
284 292 1
287 294 1
288 292 1
291 293 1
292 293 1
293 299 1
295 296 1
295 299 1
