1000 10031
0 235 1
0 341 1
0 356 1
0 413 1
0 516 1
0 601 1
0 809 1
0 955 1
0 991 1
1 18 1
1 26 1
1 90 1
1 101 1
1 105 1
1 146 1
1 160 1
1 174 1
1 201 1
1 233 1
1 256 1
1 346 1
1 366 1
1 388 1
1 418 1
1 485 1
1 522 1
1 524 1
1 530 1
1 591 1
1 623 1
1 776 1
1 810 1
1 844 1
1 850 1
1 855 1
1 919 1
1 982 1
2 11 1
2 73 1
2 78 1
2 129 1
2 147 1
2 181 1
2 199 1
2 232 1
2 265 1
2 303 1
2 306 1
2 323 1
2 351 1
2 409 1
2 417 1
2 426 1
2 476 1
2 692 1
2 770 1
2 782 1
2 944 1
2 978 1
2 979 1
3 5 1
3 14 1
3 61 1
3 67 1
3 103 1
3 174 1
3 210 1
3 229 1
3 234 1
3 286 1
3 348 1
3 392 1
3 528 1
3 575 1
3 593 1
3 599 1
3 614 1
3 673 1
3 694 1
3 766 1
3 878 1
3 896 1
3 926 1
3 955 1
4 10 1
4 54 1
4 71 1
4 111 1
4 123 1
4 135 1
4 152 1
4 194 1
4 226 1
4 233 1
4 244 1
4 260 1
4 263 1
4 303 1
4 325 1
4 401 1
4 413 1
4 493 1
4 556 1
4 572 1
4 658 1
4 662 1
4 728 1
4 747 1
4 840 1
4 851 1
4 875 1
4 876 1
5 141 1
5 166 1
5 204 1
5 221 1
5 231 1
5 243 1
5 262 1
5 267 1
5 332 1
5 344 1
5 450 1
5 583 1
5 599 1
5 620 1
5 624 1
5 637 1
5 666 1
5 714 1
5 782 1
5 889 1
5 891 1
5 975 1
5 980 1
5 982 1
6 19 1
6 75 1
6 157 1
6 180 1
6 311 1
6 346 1
6 388 1
6 472 1
6 640 1
6 649 1
6 707 1
6 839 1
6 900 1
7 12 1
7 17 1
7 65 1
7 75 1
7 131 1
7 165 1
7 237 1
7 264 1
7 352 1
7 425 1
7 431 1
7 441 1
7 456 1
7 538 1
7 543 1
7 548 1
7 567 1
7 644 1
7 699 1
7 748 1
7 816 1
7 894 1
7 987 1
7 991 1
8 236 1
8 264 1
8 274 1
8 489 1
8 509 1
8 519 1
8 527 1
8 669 1
8 712 1
8 743 1
8 748 1
8 808 1
8 819 1
8 868 1
8 898 1
8 900 1
8 911 1
8 921 1
8 931 1
8 944 1
9 19 1
9 54 1
9 94 1
9 133 1
9 150 1
9 166 1
9 228 1
9 297 1
9 310 1
9 320 1
9 321 1
9 363 1
9 374 1
9 398 1
9 412 1
9 546 1
9 611 1
9 705 1
9 744 1
9 752 1
9 855 1
9 903 1
9 951 1
9 968 1
10 72 1
10 110 1
10 147 1
10 251 1
10 259 1
10 260 1
10 306 1
10 319 1
10 335 1
10 344 1
10 389 1
10 469 1
10 573 1
10 575 1
10 609 1
10 632 1
10 661 1
10 707 1
10 712 1
10 965 1
10 985 1
11 77 1
11 86 1
11 99 1
11 326 1
11 436 1
11 471 1
11 487 1
11 499 1
11 598 1
11 644 1
11 777 1
11 826 1
11 831 1
11 840 1
11 851 1
11 937 1
11 949 1
11 958 1
11 981 1
11 999 1
12 52 1
12 62 1
12 120 1
12 144 1
12 216 1
12 232 1
12 266 1
12 320 1
12 405 1
12 417 1
12 545 1
12 710 1
12 712 1
12 745 1
12 766 1
12 863 1
12 889 1
12 896 1
12 956 1
13 44 1
13 113 1
13 173 1
13 291 1
13 329 1
13 349 1
13 359 1
13 401 1
13 474 1
13 520 1
13 555 1
13 612 1
13 758 1
13 761 1
13 917 1
13 931 1
13 945 1
14 69 1
14 80 1
14 105 1
14 183 1
14 208 1
14 264 1
14 292 1
14 294 1
14 311 1
14 347 1
14 379 1
14 403 1
14 462 1
14 505 1
14 660 1
14 804 1
14 841 1
14 844 1
14 848 1
14 856 1
14 908 1
14 987 1
15 24 1
15 83 1
15 143 1
15 169 1
15 197 1
15 232 1
15 310 1
15 362 1
15 500 1
15 633 1
15 649 1
15 709 1
15 739 1
15 769 1
15 823 1
15 846 1
15 873 1
15 898 1
15 909 1
15 926 1
15 982 1
16 50 1
16 53 1
16 205 1
16 266 1
16 387 1
16 407 1
16 486 1
16 488 1
16 512 1
16 581 1
16 601 1
16 603 1
16 743 1
16 750 1
16 792 1
16 868 1
16 894 1
17 166 1
17 170 1
17 229 1
17 435 1
17 459 1
17 467 1
17 485 1
17 624 1
17 817 1
17 839 1
17 867 1
17 905 1
17 940 1
17 955 1
17 960 1
18 90 1
18 118 1
18 181 1
18 244 1
18 273 1
18 299 1
18 332 1
18 374 1
18 419 1
18 423 1
18 481 1
18 513 1
18 550 1
18 643 1
18 703 1
18 794 1
18 845 1
18 888 1
18 928 1
18 960 1
19 23 1
19 91 1
19 125 1
19 148 1
19 238 1
19 255 1
19 366 1
19 404 1
19 488 1
19 489 1
19 498 1
19 540 1
19 579 1
19 628 1
19 643 1
19 677 1
19 707 1
19 715 1
19 731 1
19 740 1
19 744 1
19 756 1
19 790 1
20 106 1
20 140 1
20 222 1
20 234 1
20 253 1
20 264 1
20 280 1
20 435 1
20 468 1
20 583 1
20 615 1
20 667 1
20 712 1
20 828 1
20 981 1
21 166 1
21 196 1
21 230 1
21 295 1
21 311 1
21 384 1
21 462 1
21 568 1
21 715 1
21 946 1
22 50 1
22 95 1
22 149 1
22 184 1
22 232 1
22 285 1
22 300 1
22 309 1
22 314 1
22 331 1
22 348 1
22 362 1
22 370 1
22 408 1
22 606 1
22 612 1
22 632 1
22 652 1
22 675 1
22 722 1
22 752 1
22 834 1
23 56 1
23 160 1
23 184 1
23 287 1
23 306 1
23 445 1
23 489 1
23 496 1
23 591 1
23 606 1
23 720 1
23 755 1
23 776 1
23 882 1
23 909 1
23 923 1
23 928 1
23 996 1
24 41 1
24 258 1
24 353 1
24 370 1
24 432 1
24 560 1
24 577 1
24 614 1
24 635 1
24 697 1
24 701 1
24 738 1
24 794 1
24 897 1
24 938 1
25 37 1
25 247 1
25 342 1
25 405 1
25 436 1
25 467 1
25 584 1
25 612 1
25 622 1
25 671 1
25 674 1
25 687 1
25 718 1
25 955 1
25 974 1
25 982 1
26 91 1
26 155 1
26 178 1
26 380 1
26 432 1
26 436 1
26 461 1
26 550 1
26 574 1
26 578 1
26 624 1
26 672 1
26 818 1
26 849 1
26 872 1
27 43 1
27 102 1
27 177 1
27 183 1
27 251 1
27 275 1
27 282 1
27 312 1
27 313 1
27 315 1
27 411 1
27 442 1
27 463 1
27 478 1
27 501 1
27 572 1
27 605 1
27 658 1
27 685 1
27 696 1
27 732 1
27 742 1
27 839 1
27 840 1
27 959 1
28 31 1
28 40 1
28 43 1
28 170 1
28 224 1
28 241 1
28 402 1
28 519 1
28 546 1
28 561 1
28 627 1
28 645 1
28 711 1
28 725 1
28 728 1
28 788 1
28 830 1
28 928 1
29 71 1
29 159 1
29 175 1
29 224 1
29 337 1
29 449 1
29 506 1
29 569 1
29 613 1
29 666 1
29 760 1
29 773 1
29 804 1
29 813 1
29 827 1
29 880 1
29 952 1
29 980 1
30 32 1
30 130 1
30 143 1
30 241 1
30 259 1
30 275 1
30 318 1
30 327 1
30 372 1
30 431 1
30 553 1
30 569 1
30 656 1
30 704 1
30 742 1
30 745 1
30 757 1
30 998 1
31 48 1
31 82 1
31 83 1
31 165 1
31 175 1
31 270 1
31 379 1
31 407 1
31 408 1
31 425 1
31 471 1
31 545 1
31 560 1
31 572 1
31 587 1
31 670 1
31 708 1
31 723 1
31 729 1
31 746 1
31 905 1
31 993 1
32 130 1
32 137 1
32 138 1
32 185 1
32 204 1
32 246 1
32 286 1
32 304 1
32 375 1
32 376 1
32 391 1
32 401 1
32 465 1
32 520 1
32 730 1
32 739 1
32 827 1
32 854 1
32 857 1
32 954 1
32 998 1
33 123 1
33 137 1
33 176 1
33 209 1
33 229 1
33 269 1
33 341 1
33 400 1
33 462 1
33 547 1
33 652 1
33 669 1
33 695 1
33 876 1
33 920 1
33 946 1
33 987 1
34 48 1
34 189 1
34 198 1
34 209 1
34 251 1
34 308 1
34 312 1
34 315 1
34 339 1
34 386 1
34 415 1
34 438 1
34 459 1
34 483 1
34 490 1
34 696 1
34 709 1
34 771 1
34 831 1
34 841 1
34 878 1
34 889 1
34 896 1
35 86 1
35 88 1
35 138 1
35 163 1
35 170 1
35 250 1
35 410 1
35 447 1
35 538 1
35 579 1
35 596 1
35 600 1
35 621 1
35 640 1
35 658 1
35 664 1
35 666 1
35 781 1
35 822 1
35 840 1
35 922 1
35 959 1
35 986 1
36 113 1
36 221 1
36 329 1
36 413 1
36 531 1
36 587 1
36 829 1
36 851 1
36 862 1
36 894 1
36 983 1
37 42 1
37 85 1
37 167 1
37 306 1
37 344 1
37 422 1
37 575 1
37 793 1
37 873 1
37 905 1
38 41 1
38 63 1
38 127 1
38 216 1
38 244 1
38 309 1
38 337 1
38 396 1
38 400 1
38 599 1
38 690 1
38 757 1
38 861 1
38 905 1
38 910 1
38 954 1
39 99 1
39 103 1
39 136 1
39 144 1
39 195 1
39 243 1
39 244 1
39 266 1
39 400 1
39 485 1
39 507 1
39 511 1
39 538 1
39 554 1
39 618 1
39 698 1
39 730 1
39 780 1
39 835 1
39 918 1
40 43 1
40 75 1
40 90 1
40 213 1
40 249 1
40 297 1
40 300 1
40 430 1
40 473 1
40 615 1
40 657 1
40 682 1
40 714 1
40 740 1
40 857 1
40 881 1
40 927 1
41 65 1
41 89 1
41 92 1
41 191 1
41 207 1
41 256 1
41 323 1
41 342 1
41 449 1
41 499 1
41 504 1
41 562 1
41 642 1
41 755 1
41 800 1
41 816 1
41 851 1
41 866 1
41 871 1
41 887 1
41 943 1
42 107 1
42 115 1
42 139 1
42 158 1
42 164 1
42 322 1
42 353 1
42 395 1
42 456 1
42 571 1
42 613 1
42 686 1
42 733 1
42 748 1
42 865 1
42 873 1
42 900 1
43 49 1
43 71 1
43 74 1
43 87 1
43 192 1
43 198 1
43 199 1
43 346 1
43 383 1
43 431 1
43 581 1
43 600 1
43 606 1
43 753 1
43 816 1
43 906 1
43 920 1
43 930 1
44 48 1
44 52 1
44 74 1
44 149 1
44 192 1
44 207 1
44 208 1
44 312 1
44 332 1
44 375 1
44 395 1
44 413 1
44 483 1
44 552 1
44 571 1
44 791 1
44 847 1
44 981 1
45 336 1
45 459 1
45 497 1
45 548 1
45 637 1
45 640 1
45 648 1
45 750 1
45 796 1
45 800 1
45 829 1
45 887 1
45 942 1
45 973 1
46 190 1
46 218 1
46 223 1
46 244 1
46 265 1
46 290 1
46 307 1
46 334 1
46 374 1
46 402 1
46 445 1
46 467 1
46 531 1
46 538 1
46 562 1
46 581 1
46 633 1
46 708 1
46 739 1
46 772 1
46 847 1
46 865 1
46 977 1
47 48 1
47 63 1
47 121 1
47 219 1
47 236 1
47 303 1
47 333 1
47 348 1
47 515 1
47 580 1
47 636 1
47 690 1
47 759 1
47 823 1
47 886 1
47 924 1
47 943 1
47 945 1
47 972 1
47 981 1
48 62 1
48 220 1
48 257 1
48 286 1
48 396 1
48 432 1
48 476 1
48 578 1
48 592 1
48 595 1
48 645 1
48 653 1
48 720 1
48 761 1
48 811 1
48 836 1
48 876 1
48 880 1
49 131 1
49 155 1
49 198 1
49 309 1
49 335 1
49 393 1
49 422 1
49 436 1
49 482 1
49 509 1
49 637 1
49 653 1
49 699 1
49 847 1
49 915 1
49 955 1
50 78 1
50 87 1
50 99 1
50 103 1
50 156 1
50 176 1
50 463 1
50 478 1
50 532 1
50 556 1
50 583 1
50 592 1
50 675 1
50 732 1
50 740 1
50 768 1
50 839 1
50 873 1
50 884 1
50 931 1
50 933 1
50 976 1
51 80 1
51 101 1
51 106 1
51 144 1
51 252 1
51 257 1
51 277 1
51 337 1
51 370 1
51 380 1
51 435 1
51 471 1
51 493 1
51 585 1
51 586 1
51 631 1
51 635 1
51 685 1
51 748 1
51 777 1
51 783 1
51 831 1
51 869 1
51 996 1
52 186 1
52 233 1
52 362 1
52 375 1
52 393 1
52 464 1
52 490 1
52 568 1
52 673 1
52 681 1
52 700 1
52 705 1
52 916 1
52 964 1
53 81 1
53 82 1
53 234 1
53 254 1
53 442 1
53 449 1
53 468 1
53 560 1
53 579 1
53 662 1
53 712 1
53 751 1
53 785 1
53 805 1
53 820 1
53 886 1
53 897 1
54 55 1
54 89 1
54 134 1
54 161 1
54 241 1
54 266 1
54 270 1
54 298 1
54 309 1
54 312 1
54 355 1
54 400 1
54 428 1
54 480 1
54 544 1
54 620 1
54 752 1
54 767 1
54 794 1
54 992 1
54 994 1
55 85 1
55 141 1
55 213 1
55 269 1
55 340 1
55 351 1
55 392 1
55 481 1
55 551 1
55 594 1
55 620 1
55 746 1
55 776 1
55 780 1
55 786 1
55 792 1
55 857 1
55 867 1
55 920 1
55 946 1
55 996 1
56 85 1
56 151 1
56 181 1
56 195 1
56 205 1
56 211 1
56 244 1
56 305 1
56 355 1
56 395 1
56 554 1
56 667 1
56 831 1
56 851 1
56 902 1
56 940 1
56 980 1
57 106 1
57 257 1
57 281 1
57 317 1
57 346 1
57 384 1
57 661 1
57 708 1
57 721 1
57 764 1
58 88 1
58 89 1
58 117 1
58 131 1
58 144 1
58 171 1
58 334 1
58 374 1
58 383 1
58 391 1
58 482 1
58 499 1
58 505 1
58 529 1
58 565 1
58 619 1
58 620 1
58 628 1
58 631 1
58 636 1
58 704 1
58 718 1
58 792 1
58 798 1
58 810 1
58 817 1
58 825 1
58 843 1
58 884 1
59 151 1
59 166 1
59 314 1
59 356 1
59 468 1
59 503 1
59 535 1
59 622 1
59 639 1
59 661 1
59 743 1
59 786 1
59 862 1
59 870 1
59 891 1
59 978 1
60 61 1
60 104 1
60 138 1
60 148 1
60 273 1
60 277 1
60 300 1
60 330 1
60 351 1
60 371 1
60 397 1
60 435 1
60 620 1
60 623 1
60 647 1
60 695 1
60 708 1
60 737 1
60 746 1
60 761 1
60 787 1
60 797 1
60 914 1
60 920 1
60 943 1
60 972 1
60 984 1
61 149 1
61 240 1
61 244 1
61 259 1
61 350 1
61 420 1
61 466 1
61 514 1
61 518 1
61 524 1
61 550 1
61 577 1
61 582 1
61 611 1
61 774 1
61 827 1
61 892 1
61 913 1
61 919 1
62 116 1
62 132 1
62 137 1
62 196 1
62 208 1
62 227 1
62 266 1
62 279 1
62 283 1
62 345 1
62 366 1
62 390 1
62 461 1
62 484 1
62 563 1
62 607 1
62 740 1
62 760 1
62 792 1
62 805 1
62 933 1
62 942 1
62 946 1
62 961 1
62 967 1
63 106 1
63 127 1
63 157 1
63 163 1
63 262 1
63 339 1
63 445 1
63 448 1
63 455 1
63 496 1
63 532 1
63 703 1
63 709 1
63 763 1
63 924 1
63 951 1
64 75 1
64 76 1
64 124 1
64 174 1
64 177 1
64 217 1
64 275 1
64 332 1
64 363 1
64 369 1
64 402 1
64 426 1
64 487 1
64 508 1
64 646 1
64 713 1
64 717 1
64 719 1
64 723 1
64 729 1
64 754 1
64 763 1
64 881 1
64 925 1
65 139 1
65 171 1
65 173 1
65 180 1
65 231 1
65 419 1
65 430 1
65 577 1
65 599 1
65 624 1
65 626 1
65 688 1
65 731 1
65 744 1
65 756 1
65 799 1
65 809 1
65 818 1
65 858 1
65 893 1
65 976 1
65 978 1
66 133 1
66 180 1
66 470 1
66 558 1
66 570 1
66 633 1
66 660 1
66 717 1
66 719 1
66 726 1
66 775 1
66 871 1
66 876 1
66 916 1
66 964 1
66 977 1
67 70 1
67 185 1
67 274 1
67 335 1
67 409 1
67 431 1
67 462 1
67 507 1
67 623 1
67 653 1
67 672 1
67 737 1
67 744 1
67 756 1
67 775 1
67 786 1
67 868 1
67 937 1
68 151 1
68 220 1
68 269 1
68 460 1
68 690 1
68 707 1
68 718 1
68 729 1
68 782 1
68 790 1
68 950 1
69 170 1
69 189 1
69 256 1
69 631 1
69 657 1
69 668 1
69 685 1
69 691 1
69 712 1
69 769 1
69 785 1
69 802 1
69 834 1
69 866 1
69 871 1
69 875 1
70 123 1
70 125 1
70 156 1
70 182 1
70 242 1
70 256 1
70 281 1
70 322 1
70 364 1
70 430 1
70 447 1
70 470 1
70 500 1
70 569 1
70 605 1
70 617 1
70 621 1
70 641 1
70 998 1
71 73 1
71 141 1
71 225 1
71 362 1
71 366 1
71 600 1
71 756 1
71 890 1
72 79 1
72 219 1
72 292 1
72 330 1
72 346 1
72 400 1
72 494 1
72 544 1
72 619 1
72 762 1
72 768 1
73 111 1
73 143 1
73 183 1
73 197 1
73 263 1
73 309 1
73 401 1
73 419 1
73 443 1
73 464 1
73 535 1
73 552 1
73 594 1
73 615 1
73 948 1
74 93 1
74 113 1
74 138 1
74 157 1
74 162 1
74 267 1
74 302 1
74 432 1
74 514 1
74 537 1
74 700 1
74 702 1
74 810 1
75 87 1
75 111 1
75 134 1
75 184 1
75 217 1
75 225 1
75 235 1
75 264 1
75 266 1
75 310 1
75 465 1
75 498 1
75 523 1
75 556 1
75 580 1
75 594 1
75 614 1
75 660 1
75 667 1
75 731 1
76 91 1
76 104 1
76 163 1
76 194 1
76 234 1
76 328 1
76 438 1
76 454 1
76 504 1
76 569 1
76 603 1
76 611 1
76 629 1
76 685 1
76 718 1
76 720 1
76 810 1
76 900 1
76 912 1
77 210 1
77 236 1
77 254 1
77 268 1
77 289 1
77 411 1
77 441 1
77 577 1
77 644 1
77 647 1
77 649 1
77 652 1
77 700 1
77 713 1
77 908 1
77 967 1
77 977 1
77 989 1
78 98 1
78 122 1
78 125 1
78 184 1
78 262 1
78 339 1
78 355 1
78 422 1
78 456 1
78 510 1
78 539 1
78 616 1
78 633 1
78 780 1
78 865 1
78 867 1
78 888 1
78 915 1
78 979 1
79 81 1
79 172 1
79 192 1
79 336 1
79 346 1
79 361 1
79 403 1
79 423 1
79 461 1
79 474 1
79 497 1
79 523 1
79 531 1
79 637 1
79 647 1
79 702 1
79 718 1
79 728 1
79 732 1
79 773 1
79 821 1
79 924 1
79 938 1
79 939 1
80 172 1
80 218 1
80 335 1
80 341 1
80 480 1
80 481 1
80 561 1
80 706 1
80 762 1
80 781 1
80 816 1
80 843 1
80 880 1
80 915 1
80 955 1
80 969 1
80 998 1
81 87 1
81 287 1
81 375 1
81 533 1
81 645 1
81 694 1
81 698 1
81 719 1
81 755 1
81 805 1
81 835 1
81 883 1
81 896 1
81 903 1
81 993 1
82 84 1
82 95 1
82 108 1
82 114 1
82 130 1
82 132 1
82 177 1
82 188 1
82 237 1
82 302 1
82 311 1
82 315 1
82 383 1
82 405 1
82 416 1
82 452 1
82 502 1
82 506 1
82 512 1
82 569 1
82 658 1
82 698 1
82 724 1
82 735 1
82 751 1
82 762 1
82 882 1
82 910 1
82 913 1
82 947 1
82 952 1
82 960 1
83 158 1
83 194 1
83 198 1
83 223 1
83 266 1
83 275 1
83 279 1
83 280 1
83 327 1
83 403 1
83 434 1
83 447 1
83 519 1
83 531 1
83 557 1
83 577 1
83 584 1
83 615 1
83 647 1
83 659 1
83 664 1
83 781 1
83 796 1
83 823 1
83 914 1
83 924 1
83 952 1
83 964 1
84 293 1
84 309 1
84 330 1
84 483 1
84 490 1
84 510 1
84 557 1
84 562 1
84 575 1
84 642 1
84 690 1
84 695 1
84 705 1
84 710 1
84 759 1
84 802 1
84 812 1
84 992 1
85 227 1
85 233 1
85 269 1
85 308 1
85 321 1
85 345 1
85 349 1
85 350 1
85 375 1
85 401 1
85 413 1
85 485 1
85 545 1
85 549 1
85 551 1
85 598 1
85 614 1
85 645 1
85 712 1
85 751 1
85 793 1
85 804 1
85 822 1
85 878 1
85 980 1
86 183 1
86 187 1
86 226 1
86 387 1
86 427 1
86 492 1
86 508 1
86 562 1
86 568 1
86 579 1
86 594 1
86 645 1
86 697 1
86 710 1
86 813 1
86 814 1
86 817 1
86 846 1
87 95 1
87 149 1
87 179 1
87 202 1
87 288 1
87 299 1
87 306 1
87 336 1
87 342 1
87 392 1
87 504 1
87 574 1
87 629 1
87 640 1
87 668 1
87 686 1
87 744 1
87 752 1
87 814 1
87 825 1
87 856 1
87 956 1
87 983 1
88 255 1
88 325 1
88 381 1
88 397 1
88 422 1
88 434 1
88 610 1
88 652 1
88 662 1
88 675 1
88 693 1
88 699 1
88 703 1
88 774 1
88 897 1
88 993 1
89 112 1
89 132 1
89 350 1
89 508 1
89 522 1
89 537 1
89 578 1
89 685 1
89 732 1
89 741 1
89 802 1
89 856 1
89 949 1
89 958 1
89 978 1
89 984 1
90 91 1
90 189 1
90 285 1
90 297 1
90 500 1
90 507 1
90 532 1
90 533 1
90 638 1
90 662 1
90 769 1
90 854 1
90 881 1
90 886 1
90 941 1
90 947 1
91 94 1
91 217 1
91 232 1
91 277 1
91 309 1
91 498 1
91 550 1
91 556 1
91 652 1
91 694 1
91 707 1
91 709 1
91 725 1
91 738 1
91 845 1
91 864 1
92 115 1
92 172 1
92 222 1
92 235 1
92 300 1
92 315 1
92 321 1
92 334 1
92 460 1
92 567 1
92 609 1
92 734 1
92 757 1
92 774 1
92 786 1
92 798 1
92 866 1
92 924 1
92 995 1
93 100 1
93 101 1
93 104 1
93 107 1
93 135 1
93 186 1
93 263 1
93 266 1
93 267 1
93 276 1
93 361 1
93 398 1
93 464 1
93 507 1
93 515 1
93 604 1
93 620 1
93 648 1
93 674 1
93 906 1
93 955 1
93 982 1
94 143 1
94 262 1
94 264 1
94 315 1
94 346 1
94 352 1
94 370 1
94 594 1
94 627 1
94 665 1
94 730 1
94 732 1
94 764 1
94 792 1
94 803 1
94 812 1
94 816 1
94 940 1
94 980 1
95 149 1
95 234 1
95 248 1
95 256 1
95 289 1
95 329 1
95 363 1
95 434 1
95 587 1
95 605 1
95 665 1
95 691 1
95 706 1
95 710 1
95 746 1
95 820 1
95 831 1
95 851 1
95 906 1
95 939 1
95 957 1
95 961 1
95 983 1
96 111 1
96 288 1
96 296 1
96 378 1
96 380 1
96 451 1
96 460 1
96 531 1
96 537 1
96 614 1
96 640 1
96 647 1
96 726 1
96 775 1
96 850 1
96 867 1
96 874 1
96 895 1
96 917 1
96 962 1
96 965 1
96 972 1
96 973 1
96 988 1
97 105 1
97 141 1
97 183 1
97 191 1
97 338 1
97 487 1
97 510 1
97 526 1
97 579 1
97 588 1
97 618 1
97 630 1
97 861 1
97 874 1
98 156 1
98 185 1
98 248 1
98 299 1
98 337 1
98 352 1
98 460 1
98 490 1
98 521 1
98 604 1
98 636 1
98 643 1
98 662 1
98 772 1
98 789 1
98 888 1
98 929 1
98 941 1
98 976 1
99 113 1
99 171 1
99 218 1
99 337 1
99 358 1
99 410 1
99 413 1
99 479 1
99 513 1
99 598 1
99 655 1
99 771 1
99 781 1
99 818 1
99 854 1
99 956 1
99 964 1
99 997 1
100 175 1
100 176 1
100 349 1
100 419 1
100 452 1
100 510 1
100 516 1
100 518 1
100 555 1
100 587 1
100 588 1
100 674 1
100 772 1
101 129 1
101 133 1
101 173 1
101 205 1
101 261 1
101 317 1
101 340 1
101 343 1
101 368 1
101 378 1
101 410 1
101 418 1
101 566 1
101 603 1
101 714 1
101 791 1
101 856 1
101 923 1
101 949 1
101 971 1
102 139 1
102 152 1
102 153 1
102 239 1
102 254 1
102 267 1
102 281 1
102 288 1
102 429 1
102 454 1
102 534 1
102 546 1
102 552 1
102 624 1
102 640 1
102 753 1
102 766 1
102 806 1
102 845 1
102 980 1
103 111 1
103 152 1
103 153 1
103 293 1
103 349 1
103 407 1
103 449 1
103 520 1
103 598 1
103 624 1
103 711 1
103 774 1
103 805 1
103 832 1
103 865 1
103 913 1
103 953 1
103 963 1
104 107 1
104 145 1
104 180 1
104 204 1
104 212 1
104 232 1
104 236 1
104 291 1
104 348 1
104 615 1
104 627 1
104 628 1
104 639 1
104 731 1
104 843 1
104 859 1
104 872 1
104 951 1
105 147 1
105 179 1
105 206 1
105 212 1
105 215 1
105 427 1
105 596 1
105 783 1
105 839 1
105 949 1
106 233 1
106 258 1
106 272 1
106 286 1
106 295 1
106 392 1
106 424 1
106 433 1
106 442 1
106 572 1
106 722 1
106 728 1
106 783 1
106 825 1
106 845 1
106 866 1
106 893 1
106 909 1
106 915 1
106 919 1
106 940 1
107 125 1
107 154 1
107 191 1
107 232 1
107 243 1
107 342 1
107 370 1
107 422 1
107 527 1
107 609 1
107 808 1
107 820 1
107 960 1
108 150 1
108 169 1
108 212 1
108 221 1
108 246 1
108 275 1
108 320 1
108 386 1
108 394 1
108 409 1
108 414 1
108 423 1
108 434 1
108 448 1
108 466 1
108 555 1
108 578 1
108 661 1
108 665 1
108 704 1
108 799 1
108 876 1
108 912 1
109 130 1
109 144 1
109 201 1
109 202 1
109 204 1
109 207 1
109 255 1
109 283 1
109 348 1
109 357 1
109 363 1
109 434 1
109 550 1
109 574 1
109 624 1
109 634 1
109 701 1
109 729 1
109 764 1
109 814 1
109 869 1
109 907 1
109 950 1
110 171 1
110 172 1
110 185 1
110 251 1
110 279 1
110 294 1
110 340 1
110 342 1
110 369 1
110 418 1
110 491 1
110 579 1
110 584 1
110 614 1
110 684 1
110 727 1
110 784 1
110 796 1
110 936 1
111 115 1
111 173 1
111 204 1
111 216 1
111 243 1
111 244 1
111 545 1
111 654 1
111 668 1
111 744 1
111 798 1
111 803 1
111 991 1
112 242 1
112 284 1
112 291 1
112 353 1
112 433 1
112 444 1
112 492 1
112 604 1
112 607 1
112 621 1
112 662 1
112 679 1
112 713 1
112 721 1
112 765 1
112 838 1
112 874 1
112 945 1
113 132 1
113 177 1
113 371 1
113 401 1
113 436 1
113 464 1
113 477 1
113 493 1
113 553 1
113 580 1
113 607 1
113 712 1
113 762 1
113 782 1
113 788 1
113 842 1
113 866 1
113 932 1
113 936 1
113 942 1
113 982 1
114 124 1
114 167 1
114 207 1
114 282 1
114 318 1
114 334 1
114 347 1
114 428 1
114 584 1
114 628 1
114 650 1
114 756 1
114 817 1
114 824 1
114 827 1
115 178 1
115 246 1
115 262 1
115 265 1
115 267 1
115 369 1
115 376 1
115 658 1
115 731 1
115 798 1
115 838 1
115 841 1
115 856 1
115 889 1
115 989 1
116 208 1
116 240 1
116 320 1
116 379 1
116 469 1
116 480 1
116 490 1
116 541 1
116 603 1
116 610 1
116 624 1
116 680 1
116 682 1
116 696 1
116 712 1
116 713 1
116 715 1
116 737 1
116 838 1
116 872 1
116 934 1
116 982 1
116 993 1
117 120 1
117 184 1
117 191 1
117 340 1
117 352 1
117 393 1
117 411 1
117 422 1
117 536 1
117 569 1
117 672 1
117 673 1
117 688 1
117 772 1
117 922 1
117 934 1
118 127 1
118 136 1
118 151 1
118 269 1
118 309 1
118 408 1
118 448 1
118 485 1
118 520 1
118 566 1
118 640 1
118 674 1
118 691 1
118 776 1
118 831 1
118 894 1
118 896 1
118 976 1
118 986 1
119 193 1
119 204 1
119 213 1
119 292 1
119 299 1
119 309 1
119 372 1
119 478 1
119 687 1
119 694 1
119 702 1
119 705 1
119 730 1
119 763 1
119 764 1
119 865 1
119 866 1
119 915 1
119 916 1
119 921 1
120 187 1
120 241 1
120 344 1
120 350 1
120 361 1
120 373 1
120 433 1
120 460 1
120 485 1
120 586 1
120 603 1
120 786 1
120 809 1
120 821 1
120 838 1
120 863 1
120 914 1
120 943 1
120 998 1
121 122 1
121 129 1
121 153 1
121 186 1
121 366 1
121 452 1
121 563 1
121 593 1
121 597 1
121 601 1
121 608 1
121 611 1
121 648 1
121 656 1
121 738 1
121 793 1
121 817 1
121 821 1
121 848 1
121 867 1
121 871 1
121 912 1
121 915 1
121 920 1
121 930 1
121 979 1
122 182 1
122 185 1
122 258 1
122 259 1
122 291 1
122 330 1
122 339 1
122 531 1
122 540 1
122 689 1
122 701 1
122 842 1
122 892 1
122 895 1
122 897 1
122 902 1
122 916 1
122 918 1
122 956 1
122 959 1
123 159 1
123 313 1
123 315 1
123 344 1
123 363 1
123 558 1
123 595 1
123 619 1
123 641 1
123 731 1
123 796 1
123 843 1
123 870 1
123 904 1
123 936 1
123 973 1
123 980 1
124 152 1
124 248 1
124 260 1
124 269 1
124 328 1
124 373 1
124 453 1
124 556 1
124 649 1
124 692 1
124 727 1
124 817 1
124 830 1
124 880 1
124 907 1
125 180 1
125 217 1
125 274 1
125 356 1
125 371 1
125 399 1
125 405 1
125 481 1
125 484 1
125 498 1
125 543 1
125 583 1
125 594 1
125 623 1
125 700 1
125 717 1
125 755 1
125 764 1
125 784 1
125 842 1
125 965 1
125 980 1
126 202 1
126 261 1
126 266 1
126 394 1
126 488 1
126 674 1
126 679 1
126 750 1
126 775 1
126 833 1
126 950 1
126 981 1
126 990 1
126 999 1
127 160 1
127 230 1
127 301 1
127 311 1
127 367 1
127 369 1
127 464 1
127 480 1
127 587 1
127 617 1
127 710 1
127 749 1
127 757 1
127 944 1
127 959 1
128 176 1
128 283 1
128 312 1
128 459 1
128 549 1
128 570 1
128 708 1
128 715 1
128 760 1
128 765 1
128 831 1
128 832 1
128 865 1
128 884 1
128 890 1
128 935 1
128 937 1
128 947 1
129 263 1
129 268 1
129 299 1
129 312 1
129 320 1
129 478 1
129 516 1
129 578 1
129 692 1
129 758 1
129 770 1
129 789 1
129 792 1
129 794 1
129 909 1
130 164 1
130 188 1
130 212 1
130 245 1
130 295 1
130 406 1
130 443 1
130 465 1
130 516 1
130 564 1
130 579 1
130 592 1
130 703 1
130 818 1
130 845 1
130 849 1
130 895 1
130 903 1
130 917 1
130 937 1
130 939 1
130 987 1
130 988 1
131 133 1
131 173 1
131 213 1
131 450 1
131 460 1
131 486 1
131 589 1
131 648 1
131 782 1
131 791 1
131 816 1
131 904 1
131 909 1
131 923 1
132 198 1
132 234 1
132 274 1
132 277 1
132 361 1
132 388 1
132 437 1
132 452 1
132 455 1
132 482 1
132 485 1
132 500 1
132 643 1
132 672 1
132 747 1
132 748 1
132 782 1
132 798 1
132 850 1
132 906 1
132 983 1
132 990 1
133 224 1
133 305 1
133 353 1
133 355 1
133 357 1
133 362 1
133 399 1
133 417 1
133 465 1
133 473 1
133 503 1
133 542 1
133 561 1
133 642 1
133 688 1
133 738 1
133 781 1
133 893 1
133 896 1
133 916 1
134 151 1
134 155 1
134 156 1
134 209 1
134 295 1
134 296 1
134 303 1
134 343 1
134 366 1
134 444 1
134 491 1
134 561 1
134 563 1
134 831 1
134 866 1
134 926 1
134 968 1
135 152 1
135 161 1
135 163 1
135 165 1
135 225 1
135 276 1
135 282 1
135 291 1
135 422 1
135 499 1
135 543 1
135 651 1
135 660 1
135 661 1
135 688 1
135 694 1
135 770 1
135 837 1
135 946 1
135 956 1
135 969 1
136 177 1
136 186 1
136 195 1
136 214 1
136 228 1
136 238 1
136 280 1
136 297 1
136 351 1
136 414 1
136 418 1
136 444 1
136 697 1
136 706 1
136 738 1
136 803 1
136 822 1
136 845 1
136 941 1
136 983 1
136 989 1
137 148 1
137 163 1
137 175 1
137 225 1
137 355 1
137 465 1
137 488 1
137 556 1
137 573 1
137 606 1
137 634 1
137 641 1
137 662 1
137 729 1
137 870 1
137 902 1
138 233 1
138 290 1
138 324 1
138 345 1
138 416 1
138 433 1
138 451 1
138 552 1
138 586 1
138 600 1
138 627 1
138 732 1
138 749 1
138 773 1
138 775 1
138 780 1
138 836 1
138 924 1
138 951 1
139 227 1
139 351 1
139 380 1
139 417 1
139 442 1
139 512 1
139 608 1
139 623 1
139 702 1
139 807 1
139 883 1
139 890 1
139 893 1
139 910 1
139 917 1
139 953 1
139 969 1
140 157 1
140 161 1
140 366 1
140 392 1
140 568 1
140 598 1
140 646 1
140 666 1
140 750 1
140 838 1
140 876 1
140 909 1
140 993 1
141 184 1
141 203 1
141 279 1
141 338 1
141 416 1
141 456 1
141 497 1
141 605 1
141 690 1
141 842 1
141 896 1
141 945 1
142 148 1
142 196 1
142 208 1
142 276 1
142 301 1
142 318 1
142 369 1
142 384 1
142 471 1
142 483 1
142 535 1
142 567 1
142 689 1
142 782 1
142 875 1
142 998 1
143 160 1
143 183 1
143 256 1
143 384 1
143 410 1
143 429 1
143 532 1
143 573 1
143 575 1
143 584 1
143 635 1
143 694 1
143 707 1
143 742 1
143 745 1
143 782 1
143 808 1
143 851 1
143 873 1
143 882 1
143 900 1
144 160 1
144 215 1
144 270 1
144 318 1
144 367 1
144 533 1
144 580 1
144 623 1
144 651 1
144 668 1
144 765 1
144 796 1
144 841 1
144 911 1
144 914 1
144 977 1
145 202 1
145 255 1
145 378 1
145 379 1
145 395 1
145 399 1
145 457 1
145 597 1
145 712 1
145 739 1
145 806 1
145 812 1
145 823 1
145 853 1
145 890 1
145 903 1
145 914 1
145 965 1
145 977 1
146 151 1
146 216 1
146 386 1
146 511 1
146 548 1
146 566 1
146 570 1
146 582 1
146 587 1
146 607 1
146 671 1
146 850 1
146 955 1
146 996 1
147 160 1
147 191 1
147 249 1
147 272 1
147 327 1
147 336 1
147 403 1
147 499 1
147 527 1
147 528 1
147 529 1
147 535 1
147 545 1
147 566 1
147 568 1
147 570 1
147 580 1
147 607 1
147 612 1
147 753 1
147 774 1
147 790 1
147 881 1
147 888 1
147 982 1
148 172 1
148 213 1
148 277 1
148 298 1
148 357 1
148 405 1
148 589 1
148 692 1
148 703 1
148 752 1
148 753 1
148 861 1
149 179 1
149 236 1
149 271 1
149 279 1
149 329 1
149 345 1
149 394 1
149 424 1
149 454 1
149 495 1
149 508 1
149 527 1
149 561 1
149 581 1
149 587 1
149 651 1
149 764 1
149 857 1
149 921 1
149 974 1
150 212 1
150 223 1
150 224 1
150 334 1
150 411 1
150 412 1
150 545 1
150 551 1
150 618 1
150 646 1
150 711 1
150 789 1
150 803 1
150 814 1
150 887 1
150 980 1
151 197 1
151 204 1
151 211 1
151 277 1
151 334 1
151 366 1
151 405 1
151 519 1
151 611 1
151 780 1
151 783 1
151 805 1
151 835 1
151 878 1
151 917 1
151 921 1
151 932 1
151 949 1
151 991 1
152 172 1
152 240 1
152 296 1
152 332 1
152 365 1
152 378 1
152 409 1
152 423 1
152 578 1
152 591 1
152 595 1
152 658 1
152 670 1
152 796 1
152 941 1
152 975 1
153 239 1
153 287 1
153 418 1
153 537 1
153 577 1
153 587 1
153 601 1
153 679 1
153 740 1
153 743 1
153 761 1
153 812 1
153 913 1
153 942 1
154 210 1
154 250 1
154 299 1
154 303 1
154 335 1
154 381 1
154 533 1
154 552 1
154 554 1
154 569 1
154 584 1
154 608 1
154 690 1
154 709 1
154 888 1
154 921 1
154 931 1
154 998 1
155 169 1
155 219 1
155 227 1
155 264 1
155 282 1
155 347 1
155 399 1
155 422 1
155 481 1
155 623 1
155 641 1
155 683 1
155 724 1
155 754 1
155 763 1
155 809 1
155 955 1
156 174 1
156 196 1
156 197 1
156 335 1
156 362 1
156 378 1
156 418 1
156 473 1
156 529 1
156 532 1
156 593 1
156 644 1
156 709 1
156 720 1
156 797 1
156 828 1
156 855 1
156 868 1
156 951 1
156 953 1
156 963 1
157 228 1
157 255 1
157 259 1
157 282 1
157 334 1
157 433 1
157 494 1
157 542 1
157 619 1
157 639 1
157 643 1
157 646 1
157 715 1
157 718 1
157 726 1
157 765 1
157 822 1
157 969 1
158 175 1
158 182 1
158 232 1
158 286 1
158 293 1
158 316 1
158 359 1
158 388 1
158 397 1
158 426 1
158 482 1
158 558 1
158 573 1
158 692 1
158 758 1
158 832 1
158 880 1
158 980 1
158 984 1
159 270 1
159 273 1
159 315 1
159 393 1
159 401 1
159 451 1
159 558 1
159 607 1
159 666 1
159 764 1
159 766 1
159 770 1
159 835 1
159 846 1
159 849 1
159 973 1
160 164 1
160 286 1
160 319 1
160 334 1
160 471 1
160 509 1
160 657 1
160 691 1
160 736 1
160 772 1
160 837 1
160 927 1
160 958 1
160 977 1
161 177 1
161 251 1
161 256 1
161 340 1
161 346 1
161 364 1
161 403 1
161 432 1
161 533 1
161 554 1
161 555 1
161 668 1
161 755 1
161 810 1
161 921 1
161 970 1
162 175 1
162 191 1
162 562 1
162 587 1
162 666 1
162 813 1
162 816 1
162 850 1
162 914 1
162 955 1
163 178 1
163 193 1
163 207 1
163 297 1
163 354 1
163 367 1
163 567 1
163 576 1
163 599 1
163 628 1
163 720 1
163 729 1
163 786 1
163 831 1
164 223 1
164 243 1
164 310 1
164 313 1
164 368 1
164 398 1
164 534 1
164 555 1
164 680 1
164 721 1
164 742 1
164 762 1
164 784 1
164 847 1
164 915 1
165 201 1
165 222 1
165 247 1
165 276 1
165 365 1
165 369 1
165 420 1
165 495 1
165 602 1
165 617 1
165 755 1
165 854 1
165 856 1
165 890 1
165 896 1
165 961 1
165 992 1
166 177 1
166 226 1
166 236 1
166 256 1
166 274 1
166 346 1
166 360 1
166 402 1
166 435 1
166 472 1
166 528 1
166 688 1
166 690 1
166 719 1
166 775 1
166 776 1
166 827 1
166 856 1
166 934 1
166 959 1
166 962 1
166 970 1
166 998 1
167 241 1
167 284 1
167 349 1
167 478 1
167 550 1
167 559 1
167 569 1
167 603 1
167 610 1
167 764 1
167 771 1
167 789 1
167 866 1
167 910 1
167 930 1
167 984 1
168 210 1
168 248 1
168 279 1
168 412 1
168 433 1
168 525 1
168 553 1
168 742 1
168 794 1
168 800 1
168 847 1
168 858 1
168 866 1
168 893 1
168 930 1
168 965 1
168 975 1
168 981 1
168 988 1
168 997 1
169 173 1
169 280 1
169 284 1
169 393 1
169 407 1
169 597 1
169 607 1
169 673 1
169 695 1
169 717 1
169 719 1
169 770 1
169 791 1
169 800 1
169 885 1
169 942 1
169 961 1
169 997 1
170 213 1
170 234 1
170 348 1
170 361 1
170 387 1
170 418 1
170 503 1
170 504 1
170 522 1
170 561 1
170 564 1
170 569 1
170 581 1
170 625 1
170 801 1
170 807 1
170 811 1
170 832 1
170 867 1
171 172 1
171 183 1
171 217 1
171 224 1
171 246 1
171 275 1
171 455 1
171 575 1
171 609 1
171 618 1
171 642 1
171 744 1
171 996 1
172 197 1
172 214 1
172 323 1
172 335 1
172 360 1
172 366 1
172 390 1
172 527 1
172 556 1
172 751 1
172 804 1
172 809 1
172 819 1
172 820 1
172 840 1
172 842 1
172 864 1
172 920 1
172 972 1
173 175 1
173 208 1
173 216 1
173 243 1
173 248 1
173 357 1
173 381 1
173 394 1
173 424 1
173 549 1
173 572 1
173 667 1
173 741 1
173 830 1
173 833 1
173 867 1
173 869 1
173 884 1
173 991 1
174 241 1
174 280 1
174 285 1
174 315 1
174 359 1
174 430 1
174 504 1
174 566 1
174 597 1
174 644 1
174 701 1
174 724 1
174 760 1
174 797 1
174 837 1
174 899 1
174 916 1
174 924 1
174 977 1
175 326 1
175 359 1
175 438 1
175 464 1
175 586 1
175 636 1
175 672 1
175 736 1
175 769 1
175 807 1
175 853 1
175 924 1
176 350 1
176 388 1
176 397 1
176 403 1
176 534 1
176 544 1
176 693 1
176 805 1
176 950 1
177 253 1
177 393 1
177 409 1
177 454 1
177 467 1
177 541 1
177 599 1
177 662 1
177 676 1
177 908 1
178 263 1
178 269 1
178 290 1
178 316 1
178 336 1
178 350 1
178 395 1
178 561 1
178 574 1
178 701 1
178 764 1
178 786 1
178 891 1
178 947 1
178 960 1
178 996 1
179 307 1
179 342 1
179 357 1
179 383 1
179 545 1
179 611 1
179 648 1
179 780 1
179 863 1
179 910 1
179 983 1
180 181 1
180 313 1
180 370 1
180 410 1
180 414 1
180 422 1
180 453 1
180 457 1
180 475 1
180 491 1
180 522 1
180 550 1
180 571 1
180 657 1
180 681 1
180 726 1
180 730 1
180 752 1
181 275 1
181 333 1
181 350 1
181 454 1
181 554 1
181 625 1
181 630 1
181 715 1
181 718 1
181 779 1
181 793 1
181 899 1
181 942 1
181 981 1
181 999 1
182 191 1
182 265 1
182 326 1
182 329 1
182 335 1
182 436 1
182 449 1
182 516 1
182 533 1
182 555 1
182 578 1
182 649 1
182 731 1
182 800 1
182 833 1
182 877 1
182 886 1
182 889 1
183 199 1
183 289 1
183 342 1
183 385 1
183 665 1
183 680 1
183 729 1
183 795 1
183 823 1
183 835 1
183 848 1
183 860 1
183 911 1
183 979 1
184 366 1
184 459 1
184 465 1
184 493 1
184 545 1
184 578 1
184 610 1
184 677 1
184 684 1
184 688 1
184 724 1
184 785 1
184 824 1
184 966 1
184 974 1
185 297 1
185 485 1
185 559 1
185 635 1
185 645 1
185 715 1
185 773 1
185 819 1
185 834 1
185 890 1
185 897 1
185 902 1
185 925 1
185 999 1
186 194 1
186 301 1
186 305 1
186 339 1
186 340 1
186 410 1
186 450 1
186 464 1
186 500 1
186 585 1
186 594 1
186 658 1
186 778 1
186 858 1
186 883 1
186 892 1
186 906 1
186 997 1
187 196 1
187 233 1
187 262 1
187 299 1
187 366 1
187 372 1
187 399 1
187 470 1
187 486 1
187 521 1
187 548 1
187 591 1
187 609 1
187 620 1
187 648 1
187 662 1
187 724 1
187 733 1
187 764 1
187 788 1
187 931 1
188 190 1
188 231 1
188 263 1
188 340 1
188 418 1
188 458 1
188 499 1
188 556 1
188 701 1
188 830 1
188 907 1
188 965 1
189 250 1
189 256 1
189 316 1
189 328 1
189 378 1
189 386 1
189 425 1
189 440 1
189 466 1
189 488 1
189 493 1
189 525 1
189 573 1
189 575 1
189 737 1
189 813 1
189 822 1
189 893 1
189 904 1
189 939 1
190 381 1
190 406 1
190 421 1
190 449 1
190 491 1
190 578 1
190 596 1
190 624 1
190 637 1
190 652 1
190 672 1
190 677 1
190 704 1
190 744 1
190 816 1
190 832 1
190 834 1
190 890 1
190 901 1
190 924 1
190 965 1
191 209 1
191 330 1
191 395 1
191 444 1
191 478 1
191 481 1
191 503 1
191 507 1
191 634 1
191 682 1
191 696 1
191 841 1
191 902 1
191 946 1
192 328 1
192 371 1
192 443 1
192 499 1
192 676 1
192 704 1
192 731 1
192 791 1
192 823 1
192 827 1
192 872 1
193 200 1
193 209 1
193 227 1
193 299 1
193 314 1
193 323 1
193 345 1
193 425 1
193 530 1
193 608 1
193 632 1
193 658 1
193 699 1
193 803 1
193 827 1
193 954 1
194 217 1
194 247 1
194 387 1
194 424 1
194 465 1
194 500 1
194 516 1
194 566 1
194 802 1
194 861 1
194 903 1
194 917 1
194 932 1
195 332 1
195 338 1
195 371 1
195 417 1
195 472 1
195 478 1
195 673 1
195 721 1
195 749 1
195 752 1
195 788 1
195 839 1
195 865 1
195 900 1
195 916 1
196 200 1
196 250 1
196 277 1
196 289 1
196 345 1
196 367 1
196 386 1
196 410 1
196 579 1
196 631 1
196 671 1
196 675 1
196 687 1
196 780 1
196 894 1
196 904 1
196 957 1
197 241 1
197 258 1
197 271 1
197 511 1
197 512 1
197 577 1
197 584 1
197 592 1
197 614 1
197 676 1
197 713 1
197 739 1
197 751 1
197 788 1
197 813 1
197 841 1
197 893 1
198 251 1
198 343 1
198 360 1
198 440 1
198 472 1
198 496 1
198 547 1
198 640 1
198 646 1
198 737 1
198 813 1
198 900 1
198 915 1
198 922 1
198 928 1
198 981 1
198 992 1
199 335 1
199 352 1
199 449 1
199 523 1
199 528 1
199 577 1
199 614 1
199 642 1
199 661 1
199 727 1
200 365 1
200 385 1
200 417 1
200 439 1
200 454 1
200 524 1
200 537 1
200 715 1
200 753 1
200 904 1
201 335 1
201 453 1
201 460 1
201 734 1
201 786 1
201 793 1
201 898 1
201 905 1
201 974 1
201 975 1
202 291 1
202 347 1
202 474 1
202 475 1
202 505 1
202 599 1
202 615 1
202 670 1
202 760 1
202 766 1
202 860 1
202 917 1
203 259 1
203 346 1
203 382 1
203 421 1
203 531 1
203 558 1
203 604 1
203 631 1
203 632 1
203 794 1
203 837 1
203 881 1
203 894 1
203 936 1
203 949 1
203 966 1
204 278 1
204 316 1
204 357 1
204 488 1
204 562 1
204 630 1
204 633 1
204 669 1
204 670 1
204 691 1
204 829 1
204 999 1
205 251 1
205 313 1
205 433 1
205 494 1
205 528 1
205 585 1
205 620 1
205 834 1
205 935 1
205 981 1
206 230 1
206 299 1
206 327 1
206 399 1
206 415 1
206 474 1
206 543 1
206 566 1
206 596 1
206 658 1
206 693 1
206 734 1
206 791 1
206 847 1
206 868 1
206 891 1
206 949 1
206 976 1
207 215 1
207 224 1
207 270 1
207 303 1
207 369 1
207 418 1
207 431 1
207 443 1
207 458 1
207 461 1
207 482 1
207 548 1
207 552 1
207 610 1
207 615 1
207 641 1
207 647 1
207 704 1
207 712 1
207 731 1
207 753 1
207 770 1
207 773 1
207 798 1
207 927 1
207 942 1
207 963 1
207 976 1
207 986 1
207 996 1
208 228 1
208 265 1
208 268 1
208 363 1
208 399 1
208 426 1
208 436 1
208 506 1
208 518 1
208 591 1
208 607 1
208 625 1
208 719 1
208 723 1
208 780 1
208 809 1
208 904 1
209 254 1
209 274 1
209 279 1
209 296 1
209 472 1
209 486 1
209 581 1
209 602 1
209 645 1
209 654 1
209 690 1
209 784 1
209 796 1
209 940 1
209 981 1
210 285 1
210 311 1
210 377 1
210 397 1
210 444 1
210 466 1
210 525 1
210 608 1
210 622 1
210 624 1
210 648 1
210 658 1
210 683 1
210 688 1
210 754 1
210 828 1
210 942 1
210 980 1
211 282 1
211 299 1
211 356 1
211 375 1
211 437 1
211 459 1
211 501 1
211 513 1
211 629 1
211 635 1
211 655 1
211 682 1
211 686 1
211 710 1
211 823 1
211 864 1
211 882 1
211 925 1
211 939 1
212 241 1
212 355 1
212 463 1
212 473 1
212 476 1
212 501 1
212 536 1
212 567 1
212 597 1
212 611 1
212 630 1
212 662 1
212 756 1
212 777 1
212 810 1
212 967 1
213 216 1
213 246 1
213 317 1
213 409 1
213 497 1
213 523 1
213 528 1
213 568 1
213 585 1
213 594 1
213 608 1
213 685 1
213 709 1
213 744 1
213 775 1
213 786 1
213 806 1
213 968 1
214 270 1
214 324 1
214 357 1
214 412 1
214 444 1
214 470 1
214 494 1
214 518 1
214 605 1
214 815 1
214 816 1
214 949 1
214 995 1
215 284 1
215 326 1
215 335 1
215 364 1
215 410 1
215 504 1
215 548 1
215 709 1
215 891 1
215 906 1
215 909 1
215 996 1
216 223 1
216 428 1
216 492 1
216 497 1
216 677 1
216 693 1
216 704 1
216 772 1
216 919 1
217 227 1
217 297 1
217 298 1
217 302 1
217 394 1
217 456 1
217 543 1
217 549 1
217 600 1
217 602 1
217 694 1
217 697 1
217 703 1
217 762 1
217 785 1
217 806 1
217 938 1
218 292 1
218 366 1
218 377 1
218 536 1
218 540 1
218 575 1
218 702 1
218 740 1
218 776 1
218 797 1
218 803 1
218 881 1
218 935 1
219 257 1
219 314 1
219 353 1
219 444 1
219 448 1
219 518 1
219 528 1
219 535 1
219 542 1
219 664 1
219 676 1
219 728 1
219 776 1
219 778 1
219 837 1
219 857 1
220 283 1
220 323 1
220 341 1
220 383 1
220 477 1
220 523 1
220 526 1
220 555 1
220 568 1
220 636 1
220 727 1
220 763 1
220 813 1
220 973 1
220 980 1
221 223 1
221 258 1
221 317 1
221 465 1
221 485 1
221 627 1
221 650 1
221 653 1
221 873 1
221 910 1
221 920 1
221 922 1
221 944 1
222 272 1
222 280 1
222 297 1
222 299 1
222 393 1
222 435 1
222 445 1
222 464 1
222 512 1
222 519 1
222 521 1
222 550 1
222 551 1
222 704 1
222 745 1
222 775 1
222 833 1
222 912 1
222 928 1
222 995 1
223 242 1
223 300 1
223 348 1
223 370 1
223 388 1
223 393 1
223 490 1
223 625 1
223 647 1
223 650 1
223 677 1
223 745 1
223 815 1
223 836 1
223 859 1
223 895 1
224 368 1
224 412 1
224 519 1
224 627 1
224 645 1
224 649 1
224 734 1
224 762 1
224 816 1
224 826 1
225 240 1
225 331 1
225 396 1
225 399 1
225 400 1
225 407 1
225 411 1
225 472 1
225 517 1
225 542 1
225 588 1
225 640 1
225 695 1
225 760 1
225 828 1
225 872 1
225 932 1
226 241 1
226 256 1
226 299 1
226 303 1
226 328 1
226 352 1
226 370 1
226 445 1
226 452 1
226 548 1
226 568 1
226 607 1
226 758 1
226 777 1
226 780 1
226 800 1
226 926 1
226 979 1
226 982 1
227 258 1
227 302 1
227 317 1
227 432 1
227 436 1
227 566 1
227 693 1
227 709 1
227 815 1
227 816 1
227 919 1
227 927 1
228 280 1
228 287 1
228 293 1
228 305 1
228 360 1
228 434 1
228 510 1
228 604 1
228 612 1
228 652 1
228 661 1
228 675 1
228 694 1
228 696 1
228 737 1
228 750 1
228 774 1
228 778 1
228 859 1
228 899 1
228 912 1
228 914 1
228 961 1
228 963 1
229 252 1
229 267 1
229 274 1
229 276 1
229 291 1
229 386 1
229 542 1
229 545 1
229 618 1
229 619 1
229 725 1
229 743 1
229 790 1
229 821 1
229 838 1
229 866 1
229 874 1
229 992 1
230 232 1
230 260 1
230 350 1
230 385 1
230 419 1
230 468 1
230 478 1
230 534 1
230 550 1
230 633 1
230 678 1
230 686 1
230 735 1
230 743 1
230 747 1
230 748 1
230 818 1
230 868 1
230 908 1
230 919 1
230 975 1
231 284 1
231 363 1
231 442 1
231 478 1
231 511 1
231 575 1
231 622 1
231 658 1
231 659 1
231 686 1
231 819 1
231 882 1
231 911 1
231 942 1
232 262 1
232 284 1
232 374 1
232 381 1
232 613 1
232 738 1
232 783 1
232 820 1
232 863 1
232 864 1
232 882 1
232 883 1
232 932 1
232 990 1
233 296 1
233 345 1
233 421 1
233 442 1
233 625 1
233 673 1
233 698 1
233 750 1
233 753 1
233 847 1
233 920 1
234 263 1
234 308 1
234 406 1
234 593 1
234 633 1
234 636 1
234 826 1
234 885 1
234 893 1
234 913 1
234 922 1
234 942 1
234 958 1
234 964 1
235 258 1
235 311 1
235 351 1
235 452 1
235 473 1
235 494 1
235 523 1
235 611 1
235 625 1
235 669 1
235 677 1
235 711 1
235 736 1
235 754 1
235 758 1
235 792 1
235 811 1
235 824 1
235 834 1
235 874 1
235 899 1
235 915 1
236 254 1
236 299 1
236 338 1
236 349 1
236 355 1
236 366 1
236 372 1
236 382 1
236 402 1
236 569 1
236 595 1
236 620 1
236 623 1
236 689 1
236 720 1
236 772 1
236 811 1
236 839 1
237 242 1
237 284 1
237 292 1
237 324 1
237 349 1
237 352 1
237 377 1
237 451 1
237 609 1
237 629 1
237 677 1
237 844 1
237 900 1
237 973 1
237 978 1
237 999 1
238 283 1
238 293 1
238 418 1
238 433 1
238 435 1
238 535 1
238 604 1
238 669 1
238 720 1
238 779 1
238 829 1
238 889 1
238 925 1
238 959 1
238 971 1
238 981 1
238 995 1
239 270 1
239 285 1
239 294 1
239 388 1
239 414 1
239 498 1
239 659 1
239 670 1
239 705 1
239 726 1
239 741 1
239 809 1
239 851 1
239 922 1
240 300 1
240 306 1
240 363 1
240 414 1
240 450 1
240 461 1
240 524 1
240 525 1
240 571 1
240 596 1
240 653 1
240 756 1
240 852 1
240 878 1
240 890 1
240 896 1
240 967 1
241 264 1
241 324 1
241 436 1
241 465 1
241 488 1
241 496 1
241 500 1
241 559 1
241 624 1
241 625 1
241 724 1
241 763 1
241 910 1
242 274 1
242 283 1
242 314 1
242 350 1
242 361 1
242 388 1
242 505 1
242 506 1
242 663 1
242 700 1
242 772 1
242 789 1
242 834 1
242 860 1
242 997 1
243 250 1
243 287 1
243 339 1
243 351 1
243 383 1
243 596 1
243 625 1
243 646 1
243 665 1
243 743 1
243 814 1
243 824 1
243 825 1
243 837 1
243 882 1
243 902 1
243 905 1
243 928 1
243 932 1
243 957 1
244 321 1
244 336 1
244 349 1
244 358 1
244 384 1
244 514 1
244 621 1
244 675 1
244 716 1
244 730 1
244 798 1
245 280 1
245 314 1
245 315 1
245 394 1
245 443 1
245 454 1
245 516 1
245 540 1
245 549 1
245 637 1
245 746 1
245 805 1
245 821 1
245 838 1
245 925 1
245 959 1
246 379 1
246 476 1
246 514 1
246 534 1
246 558 1
246 575 1
246 630 1
246 636 1
246 658 1
246 699 1
246 711 1
246 740 1
246 912 1
246 917 1
246 932 1
246 971 1
246 978 1
246 990 1
247 321 1
247 427 1
247 449 1
247 459 1
247 556 1
247 585 1
247 655 1
247 693 1
247 732 1
247 833 1
247 860 1
247 877 1
247 901 1
247 940 1
248 281 1
248 368 1
248 393 1
248 405 1
248 428 1
248 429 1
248 471 1
248 542 1
248 669 1
248 694 1
248 803 1
248 811 1
248 812 1
248 924 1
248 938 1
248 967 1
249 286 1
249 304 1
249 422 1
249 437 1
249 449 1
249 529 1
249 618 1
249 695 1
249 739 1
249 863 1
250 317 1
250 324 1
250 325 1
250 350 1
250 371 1
250 379 1
250 429 1
250 522 1
250 541 1
250 582 1
250 592 1
250 596 1
250 606 1
250 693 1
250 698 1
250 712 1
250 968 1
250 996 1
251 370 1
251 395 1
251 483 1
251 542 1
251 605 1
251 724 1
251 815 1
251 854 1
251 926 1
251 934 1
251 955 1
251 957 1
251 962 1
251 970 1
252 257 1
252 269 1
252 272 1
252 274 1
252 393 1
252 428 1
252 449 1
252 562 1
252 789 1
252 793 1
252 802 1
252 878 1
252 953 1
252 978 1
253 262 1
253 287 1
253 323 1
253 409 1
253 418 1
253 424 1
253 502 1
253 625 1
253 654 1
253 691 1
253 694 1
253 709 1
253 729 1
253 760 1
253 792 1
253 843 1
253 849 1
253 853 1
253 857 1
253 905 1
253 983 1
254 362 1
254 407 1
254 455 1
254 470 1
254 504 1
254 507 1
254 593 1
254 609 1
254 614 1
254 625 1
254 671 1
254 712 1
254 763 1
254 764 1
254 877 1
254 889 1
255 438 1
255 444 1
255 480 1
255 593 1
255 598 1
255 621 1
255 815 1
255 839 1
255 934 1
255 992 1
256 361 1
256 388 1
256 539 1
256 553 1
256 600 1
256 648 1
256 672 1
256 682 1
256 685 1
256 694 1
256 698 1
256 752 1
256 766 1
256 907 1
256 908 1
256 990 1
257 265 1
257 359 1
257 373 1
257 396 1
257 407 1
257 436 1
257 440 1
257 550 1
257 686 1
257 803 1
257 854 1
257 867 1
257 941 1
257 980 1
258 278 1
258 283 1
258 285 1
258 353 1
258 399 1
258 402 1
258 463 1
258 506 1
258 509 1
258 584 1
258 592 1
258 688 1
258 830 1
258 884 1
258 976 1
259 261 1
259 307 1
259 323 1
259 324 1
259 334 1
259 460 1
259 702 1
259 744 1
259 756 1
259 804 1
259 809 1
259 873 1
259 886 1
259 891 1
260 264 1
260 329 1
260 350 1
260 358 1
260 563 1
260 588 1
260 630 1
260 631 1
260 651 1
260 661 1
260 671 1
260 683 1
260 692 1
260 713 1
260 716 1
260 779 1
260 787 1
260 795 1
260 825 1
260 847 1
260 853 1
260 887 1
260 954 1
260 968 1
260 979 1
261 275 1
261 282 1
261 356 1
261 371 1
261 412 1
261 434 1
261 505 1
261 621 1
261 643 1
261 703 1
261 735 1
261 763 1
261 828 1
261 851 1
261 863 1
261 887 1
262 284 1
262 334 1
262 506 1
262 590 1
262 619 1
262 651 1
262 751 1
262 796 1
262 985 1
263 265 1
263 418 1
263 511 1
263 572 1
263 751 1
263 924 1
263 981 1
264 359 1
264 435 1
264 440 1
264 452 1
264 460 1
264 515 1
264 624 1
264 728 1
264 750 1
264 758 1
264 771 1
264 808 1
264 812 1
264 814 1
264 898 1
265 318 1
265 416 1
265 433 1
265 533 1
265 538 1
265 624 1
265 666 1
265 787 1
265 793 1
265 801 1
265 846 1
265 893 1
265 990 1
265 999 1
266 352 1
266 539 1
266 577 1
266 584 1
266 594 1
266 688 1
266 896 1
266 917 1
266 983 1
267 291 1
267 365 1
267 438 1
267 497 1
267 575 1
267 689 1
267 802 1
267 807 1
267 856 1
267 939 1
267 989 1
267 998 1
268 779 1
268 818 1
268 831 1
268 868 1
268 934 1
268 983 1
269 292 1
269 304 1
269 386 1
269 403 1
269 551 1
269 656 1
269 669 1
269 673 1
269 681 1
269 785 1
269 788 1
269 853 1
269 854 1
269 855 1
269 856 1
269 868 1
269 886 1
269 906 1
270 291 1
270 324 1
270 342 1
270 346 1
270 379 1
270 403 1
270 536 1
270 649 1
270 662 1
270 714 1
270 747 1
270 751 1
270 882 1
270 970 1
270 972 1
270 975 1
271 277 1
271 345 1
271 361 1
271 422 1
271 432 1
271 466 1
271 501 1
271 568 1
271 604 1
271 622 1
271 663 1
271 679 1
271 707 1
271 728 1
271 738 1
271 826 1
271 854 1
271 883 1
271 945 1
272 356 1
272 358 1
272 361 1
272 474 1
272 485 1
272 573 1
272 699 1
272 723 1
272 735 1
272 750 1
272 792 1
272 849 1
272 873 1
272 879 1
272 884 1
272 952 1
272 994 1
273 275 1
273 418 1
273 422 1
273 475 1
273 531 1
273 541 1
273 573 1
273 617 1
273 687 1
273 722 1
273 737 1
273 808 1
273 843 1
273 852 1
273 888 1
273 907 1
273 909 1
273 974 1
273 989 1
274 291 1
274 316 1
274 322 1
274 378 1
274 418 1
274 436 1
274 463 1
274 559 1
274 610 1
274 661 1
274 729 1
274 859 1
274 885 1
274 895 1
274 906 1
274 965 1
275 299 1
275 362 1
275 383 1
275 560 1
275 592 1
275 607 1
275 610 1
275 617 1
275 636 1
275 647 1
275 682 1
275 783 1
275 808 1
275 844 1
275 886 1
275 918 1
276 290 1
276 306 1
276 336 1
276 412 1
276 542 1
276 579 1
276 592 1
276 685 1
276 695 1
276 905 1
276 938 1
276 968 1
276 999 1
277 324 1
277 338 1
277 384 1
277 413 1
277 460 1
277 482 1
277 606 1
277 616 1
277 619 1
277 757 1
277 797 1
277 798 1
277 806 1
277 807 1
277 978 1
278 489 1
278 533 1
278 540 1
278 636 1
278 680 1
278 798 1
278 802 1
278 826 1
278 831 1
278 880 1
278 963 1
278 968 1
279 362 1
279 492 1
279 518 1
279 552 1
279 737 1
279 793 1
279 832 1
279 836 1
279 862 1
279 866 1
279 989 1
280 328 1
280 355 1
280 494 1
280 522 1
280 532 1
280 539 1
280 556 1
280 562 1
280 622 1
280 629 1
280 676 1
280 808 1
280 837 1
280 959 1
280 981 1
281 369 1
281 480 1
281 602 1
281 621 1
281 627 1
281 698 1
281 706 1
281 781 1
281 883 1
281 909 1
281 929 1
281 934 1
281 965 1
282 288 1
282 337 1
282 356 1
282 365 1
282 407 1
282 430 1
282 517 1
282 535 1
282 643 1
282 835 1
282 934 1
282 954 1
283 313 1
283 352 1
283 383 1
283 407 1
283 442 1
283 456 1
283 467 1
283 481 1
283 490 1
283 500 1
283 619 1
283 651 1
283 652 1
283 691 1
283 891 1
283 924 1
284 304 1
284 346 1
284 449 1
284 542 1
284 654 1
284 707 1
284 927 1
284 935 1
284 951 1
284 952 1
285 326 1
285 354 1
285 365 1
285 376 1
285 413 1
285 448 1
285 539 1
285 563 1
285 636 1
285 736 1
285 778 1
285 818 1
285 831 1
286 318 1
286 324 1
286 408 1
286 443 1
286 492 1
286 537 1
286 555 1
286 678 1
286 810 1
286 847 1
286 869 1
286 925 1
286 927 1
286 956 1
287 387 1
287 433 1
287 484 1
287 509 1
287 577 1
287 653 1
287 735 1
287 874 1
287 995 1
288 497 1
288 556 1
288 572 1
288 601 1
288 700 1
288 762 1
288 763 1
288 803 1
288 859 1
288 913 1
288 915 1
289 315 1
289 365 1
289 377 1
289 404 1
289 442 1
289 488 1
289 500 1
289 509 1
289 630 1
289 684 1
289 724 1
289 768 1
289 777 1
289 833 1
289 839 1
289 859 1
289 954 1
289 967 1
289 974 1
290 354 1
290 377 1
290 431 1
290 441 1
290 476 1
290 497 1
290 540 1
290 560 1
290 613 1
290 624 1
290 669 1
290 806 1
290 945 1
291 346 1
291 378 1
291 582 1
291 632 1
291 666 1
291 757 1
291 801 1
291 843 1
292 312 1
292 424 1
292 504 1
292 538 1
292 541 1
292 564 1
292 588 1
292 637 1
292 703 1
292 709 1
292 726 1
292 791 1
292 803 1
292 823 1
292 834 1
292 906 1
292 920 1
293 347 1
293 349 1
293 368 1
293 390 1
293 416 1
293 437 1
293 501 1
293 525 1
293 602 1
293 605 1
293 668 1
293 721 1
293 723 1
293 747 1
293 757 1
293 821 1
293 847 1
293 852 1
293 855 1
293 861 1
293 894 1
293 925 1
293 971 1
294 302 1
294 431 1
294 529 1
294 563 1
294 633 1
294 635 1
294 691 1
294 716 1
294 743 1
294 769 1
294 801 1
294 840 1
294 874 1
294 884 1
294 912 1
294 920 1
294 968 1
294 978 1
294 983 1
294 996 1
295 319 1
295 413 1
295 479 1
295 485 1
295 498 1
295 499 1
295 591 1
295 630 1
295 637 1
295 671 1
295 686 1
295 691 1
295 798 1
295 844 1
295 887 1
295 966 1
295 971 1
295 984 1
296 389 1
296 390 1
296 401 1
296 413 1
296 436 1
296 518 1
296 554 1
296 592 1
296 628 1
296 641 1
296 675 1
296 827 1
296 831 1
296 844 1
296 853 1
296 875 1
296 904 1
296 911 1
296 932 1
296 996 1
297 369 1
297 375 1
297 386 1
297 424 1
297 501 1
297 529 1
297 556 1
297 606 1
297 631 1
297 856 1
297 878 1
297 888 1
297 951 1
298 314 1
298 340 1
298 366 1
298 411 1
298 455 1
298 544 1
298 632 1
298 655 1
298 659 1
298 664 1
298 668 1
298 786 1
298 840 1
298 965 1
299 502 1
299 514 1
299 645 1
299 715 1
299 722 1
299 761 1
299 770 1
299 804 1
299 865 1
299 885 1
300 470 1
300 555 1
300 682 1
300 685 1
300 788 1
300 803 1
300 829 1
300 893 1
300 901 1
300 911 1
300 918 1
300 959 1
300 992 1
301 391 1
301 423 1
301 438 1
301 465 1
301 605 1
301 660 1
301 702 1
301 746 1
301 838 1
301 900 1
301 912 1
301 937 1
301 941 1
302 332 1
302 336 1
302 418 1
302 483 1
302 517 1
302 597 1
302 637 1
302 720 1
302 796 1
302 927 1
302 956 1
303 360 1
303 509 1
303 534 1
303 555 1
303 586 1
303 615 1
303 620 1
303 634 1
303 664 1
303 683 1
303 747 1
303 806 1
303 809 1
303 819 1
303 820 1
303 860 1
303 876 1
303 918 1
303 978 1
303 994 1
304 350 1
304 361 1
304 371 1
304 384 1
304 447 1
304 528 1
304 603 1
304 635 1
304 732 1
304 778 1
304 821 1
304 849 1
304 869 1
304 982 1
305 337 1
305 349 1
305 401 1
305 407 1
305 440 1
305 443 1
305 469 1
305 507 1
305 566 1
305 769 1
305 811 1
305 845 1
305 853 1
305 888 1
305 934 1
306 352 1
306 371 1
306 397 1
306 418 1
306 424 1
306 434 1
306 515 1
306 553 1
306 658 1
306 702 1
306 715 1
306 741 1
306 764 1
306 838 1
306 850 1
306 884 1
307 407 1
307 425 1
307 508 1
307 568 1
307 638 1
307 660 1
307 687 1
307 702 1
307 812 1
307 910 1
307 948 1
307 992 1
308 494 1
308 518 1
308 551 1
308 562 1
308 610 1
308 672 1
308 673 1
308 703 1
308 723 1
308 741 1
308 802 1
308 882 1
308 896 1
308 898 1
308 946 1
308 991 1
309 348 1
309 480 1
309 526 1
309 608 1
309 622 1
309 802 1
309 838 1
309 848 1
309 939 1
309 945 1
309 969 1
309 970 1
310 317 1
310 408 1
310 456 1
310 550 1
310 566 1
310 578 1
310 608 1
310 690 1
310 706 1
310 844 1
311 353 1
311 455 1
311 496 1
311 623 1
311 632 1
311 775 1
311 858 1
311 903 1
311 929 1
311 971 1
311 993 1
312 377 1
312 488 1
312 531 1
312 567 1
312 585 1
312 768 1
312 811 1
312 959 1
313 410 1
313 420 1
313 457 1
313 504 1
313 552 1
313 616 1
313 630 1
313 720 1
313 796 1
313 853 1
313 854 1
313 946 1
313 957 1
314 316 1
314 421 1
314 442 1
314 546 1
314 551 1
314 605 1
314 646 1
314 648 1
314 701 1
314 815 1
314 901 1
314 935 1
315 423 1
315 453 1
315 474 1
315 701 1
315 759 1
315 770 1
315 896 1
315 932 1
315 976 1
316 419 1
316 447 1
316 453 1
316 591 1
316 627 1
316 689 1
316 702 1
316 729 1
316 733 1
316 823 1
316 882 1
316 972 1
317 328 1
317 397 1
317 491 1
317 512 1
317 572 1
317 603 1
317 655 1
317 679 1
317 681 1
317 737 1
317 831 1
317 857 1
317 927 1
317 950 1
317 965 1
317 969 1
318 366 1
318 402 1
318 407 1
318 431 1
318 433 1
318 436 1
318 446 1
318 482 1
318 591 1
318 607 1
318 643 1
318 775 1
318 852 1
318 885 1
318 917 1
319 438 1
319 445 1
319 467 1
319 521 1
319 596 1
319 621 1
319 628 1
319 658 1
319 778 1
319 810 1
319 874 1
319 949 1
320 348 1
320 361 1
320 406 1
320 410 1
320 491 1
320 506 1
320 518 1
320 528 1
320 641 1
320 663 1
320 713 1
320 731 1
320 984 1
321 343 1
321 367 1
321 443 1
321 444 1
321 524 1
321 544 1
321 722 1
321 823 1
321 870 1
321 912 1
321 916 1
321 921 1
321 983 1
321 988 1
321 997 1
322 342 1
322 367 1
322 384 1
322 448 1
322 450 1
322 517 1
322 699 1
322 737 1
322 803 1
322 899 1
322 906 1
322 954 1
323 360 1
323 373 1
323 380 1
323 431 1
323 462 1
323 528 1
323 531 1
323 571 1
323 572 1
323 653 1
323 712 1
323 730 1
323 825 1
323 845 1
323 874 1
323 917 1
323 942 1
324 330 1
324 333 1
324 352 1
324 381 1
324 384 1
324 387 1
324 403 1
324 413 1
324 444 1
324 460 1
324 476 1
324 480 1
324 492 1
324 528 1
324 532 1
324 651 1
324 672 1
324 717 1
324 736 1
324 829 1
324 877 1
324 963 1
324 975 1
325 485 1
325 689 1
325 708 1
325 710 1
325 746 1
325 769 1
325 792 1
325 913 1
325 943 1
325 945 1
325 991 1
325 994 1
326 411 1
326 437 1
326 458 1
326 629 1
326 736 1
326 821 1
326 933 1
326 956 1
326 959 1
326 977 1
327 328 1
327 583 1
327 600 1
327 673 1
327 680 1
327 702 1
327 745 1
327 747 1
327 752 1
327 761 1
327 765 1
328 367 1
328 384 1
328 401 1
328 428 1
328 439 1
328 443 1
328 455 1
328 498 1
328 563 1
328 645 1
328 755 1
328 768 1
328 774 1
328 793 1
328 806 1
328 820 1
328 896 1
328 969 1
328 978 1
329 346 1
329 587 1
329 606 1
329 627 1
329 764 1
329 815 1
329 880 1
329 887 1
329 941 1
330 381 1
330 437 1
330 482 1
330 483 1
330 486 1
330 559 1
330 608 1
330 641 1
330 673 1
330 775 1
330 843 1
330 897 1
330 993 1
331 362 1
331 411 1
331 442 1
331 474 1
331 569 1
331 655 1
331 711 1
331 889 1
331 958 1
332 367 1
332 422 1
332 467 1
332 512 1
332 538 1
332 560 1
332 645 1
332 699 1
332 750 1
332 785 1
332 792 1
332 807 1
332 810 1
332 941 1
332 961 1
332 977 1
333 354 1
333 496 1
333 519 1
333 646 1
333 728 1
333 765 1
333 795 1
333 851 1
333 924 1
334 427 1
334 507 1
334 677 1
334 793 1
334 813 1
334 931 1
334 962 1
335 343 1
335 461 1
335 463 1
335 469 1
335 481 1
335 486 1
335 507 1
335 564 1
335 700 1
335 819 1
335 836 1
335 895 1
335 897 1
335 964 1
335 980 1
336 357 1
336 392 1
336 430 1
336 434 1
336 480 1
336 622 1
336 647 1
336 716 1
336 740 1
336 794 1
336 803 1
336 899 1
336 939 1
337 371 1
337 476 1
337 503 1
337 515 1
337 527 1
337 596 1
337 620 1
337 651 1
337 844 1
337 969 1
338 506 1
338 658 1
338 659 1
338 680 1
338 705 1
338 712 1
338 731 1
338 754 1
338 899 1
338 942 1
339 383 1
339 458 1
339 536 1
339 587 1
339 617 1
339 645 1
339 657 1
339 709 1
339 774 1
339 826 1
339 832 1
339 890 1
339 893 1
339 956 1
340 361 1
340 385 1
340 389 1
340 418 1
340 435 1
340 444 1
340 490 1
340 523 1
340 553 1
340 568 1
340 600 1
340 649 1
340 682 1
340 729 1
340 737 1
340 754 1
340 847 1
340 875 1
340 941 1
340 967 1
341 353 1
341 369 1
341 377 1
341 436 1
341 470 1
341 516 1
341 583 1
341 598 1
341 634 1
341 693 1
341 718 1
341 736 1
341 755 1
341 812 1
341 883 1
341 907 1
341 954 1
342 447 1
342 472 1
342 519 1
342 526 1
342 635 1
342 682 1
342 689 1
342 717 1
342 746 1
342 759 1
342 790 1
342 845 1
342 866 1
342 896 1
342 945 1
342 958 1
343 369 1
343 398 1
343 427 1
343 493 1
343 533 1
343 571 1
343 667 1
343 686 1
343 698 1
343 808 1
343 816 1
343 866 1
343 872 1
343 948 1
343 962 1
343 968 1
343 975 1
344 448 1
344 493 1
344 525 1
344 550 1
344 619 1
344 677 1
344 697 1
344 739 1
344 754 1
344 790 1
344 794 1
344 858 1
345 441 1
345 443 1
345 485 1
345 515 1
345 549 1
345 570 1
345 595 1
345 615 1
345 648 1
345 846 1
345 869 1
345 875 1
345 938 1
345 948 1
346 467 1
346 507 1
346 518 1
346 536 1
346 574 1
346 659 1
346 854 1
347 466 1
347 511 1
347 567 1
347 702 1
347 734 1
347 744 1
347 746 1
347 754 1
347 764 1
347 797 1
347 816 1
347 890 1
348 446 1
348 575 1
348 752 1
348 756 1
348 763 1
348 917 1
349 406 1
349 432 1
349 435 1
349 452 1
349 496 1
349 506 1
349 631 1
349 702 1
349 714 1
349 790 1
349 863 1
349 866 1
349 886 1
349 964 1
349 976 1
349 988 1
350 372 1
350 390 1
350 398 1
350 412 1
350 440 1
350 469 1
350 493 1
350 513 1
350 590 1
350 600 1
350 617 1
350 725 1
350 832 1
350 949 1
350 985 1
351 361 1
351 373 1
351 404 1
351 409 1
351 414 1
351 437 1
351 486 1
351 648 1
351 682 1
351 751 1
351 759 1
351 771 1
351 787 1
351 836 1
352 355 1
352 370 1
352 431 1
352 546 1
352 557 1
352 598 1
352 620 1
352 624 1
352 746 1
352 797 1
352 801 1
352 843 1
352 863 1
352 899 1
352 953 1
353 387 1
353 494 1
353 499 1
353 562 1
353 609 1
353 624 1
353 657 1
353 670 1
353 672 1
353 695 1
353 718 1
353 762 1
353 783 1
353 820 1
353 858 1
353 897 1
353 946 1
354 420 1
354 425 1
354 442 1
354 568 1
354 637 1
354 813 1
354 826 1
354 837 1
354 956 1
355 356 1
355 364 1
355 422 1
355 446 1
355 493 1
355 549 1
355 550 1
355 569 1
355 573 1
355 584 1
355 646 1
355 648 1
355 776 1
355 802 1
355 847 1
355 887 1
355 976 1
356 385 1
356 392 1
356 428 1
356 445 1
356 472 1
356 491 1
356 551 1
356 590 1
356 600 1
356 639 1
356 657 1
356 672 1
356 701 1
356 707 1
356 882 1
356 919 1
357 407 1
357 428 1
357 485 1
357 525 1
357 562 1
357 620 1
357 744 1
357 847 1
357 898 1
357 902 1
357 924 1
357 961 1
357 976 1
358 484 1
358 524 1
358 609 1
358 756 1
358 790 1
358 901 1
358 915 1
358 972 1
359 380 1
359 397 1
359 399 1
359 402 1
359 420 1
359 525 1
359 758 1
359 762 1
359 782 1
359 843 1
359 937 1
359 951 1
359 958 1
359 969 1
359 994 1
360 393 1
360 490 1
360 522 1
360 547 1
360 636 1
360 681 1
360 723 1
360 742 1
360 923 1
360 992 1
361 363 1
361 377 1
361 386 1
361 426 1
361 473 1
361 482 1
361 499 1
361 549 1
361 555 1
361 586 1
361 635 1
361 659 1
361 829 1
361 928 1
361 940 1
362 421 1
362 461 1
362 489 1
362 505 1
362 530 1
362 588 1
362 610 1
362 647 1
362 665 1
362 684 1
362 751 1
362 757 1
362 791 1
362 961 1
362 965 1
362 971 1
363 383 1
363 445 1
363 457 1
363 536 1
363 547 1
363 659 1
363 715 1
363 723 1
363 801 1
363 807 1
363 837 1
363 874 1
363 890 1
363 919 1
364 370 1
364 374 1
364 435 1
364 444 1
364 498 1
364 509 1
364 510 1
364 543 1
364 656 1
364 663 1
364 728 1
364 741 1
364 807 1
364 857 1
364 858 1
364 862 1
364 940 1
364 992 1
364 998 1
365 426 1
365 496 1
365 539 1
365 623 1
365 624 1
365 635 1
365 703 1
365 754 1
365 766 1
365 795 1
365 893 1
365 990 1
366 416 1
366 465 1
366 501 1
366 578 1
366 600 1
366 620 1
366 670 1
366 748 1
366 753 1
366 797 1
366 837 1
366 855 1
367 388 1
367 393 1
367 406 1
367 408 1
367 502 1
367 542 1
367 621 1
367 687 1
367 693 1
367 699 1
367 707 1
367 728 1
367 744 1
367 873 1
367 892 1
367 913 1
367 971 1
368 389 1
368 453 1
368 458 1
368 532 1
368 636 1
368 677 1
368 687 1
368 783 1
368 794 1
368 799 1
368 801 1
368 888 1
368 897 1
368 918 1
368 925 1
368 960 1
368 965 1
369 458 1
369 481 1
369 542 1
369 543 1
369 577 1
369 606 1
369 635 1
369 698 1
369 737 1
369 765 1
370 519 1
370 564 1
370 613 1
370 852 1
370 902 1
371 377 1
371 379 1
371 418 1
371 521 1
371 551 1
371 552 1
371 591 1
371 626 1
371 638 1
371 666 1
371 701 1
371 869 1
371 925 1
372 373 1
372 401 1
372 468 1
372 500 1
372 618 1
372 637 1
372 939 1
372 944 1
372 948 1
372 977 1
373 406 1
373 438 1
373 480 1
373 504 1
373 527 1
373 548 1
373 673 1
373 751 1
373 856 1
373 994 1
373 996 1
374 389 1
374 494 1
374 573 1
374 660 1
374 688 1
374 700 1
374 724 1
374 824 1
374 866 1
375 451 1
375 476 1
375 536 1
375 537 1
375 546 1
375 608 1
375 847 1
375 968 1
375 975 1
375 976 1
375 978 1
375 980 1
376 425 1
376 427 1
376 652 1
376 658 1
376 696 1
376 723 1
376 783 1
376 812 1
376 825 1
376 843 1
376 981 1
377 389 1
377 432 1
377 514 1
377 847 1
377 898 1
378 428 1
378 432 1
378 434 1
378 505 1
378 545 1
378 555 1
378 574 1
378 662 1
378 675 1
378 679 1
378 699 1
378 740 1
378 803 1
378 849 1
378 904 1
378 907 1
378 980 1
379 469 1
379 586 1
379 724 1
379 773 1
379 801 1
379 817 1
379 930 1
380 385 1
380 523 1
380 607 1
380 703 1
380 711 1
380 724 1
380 961 1
381 454 1
381 481 1
381 513 1
381 525 1
381 578 1
381 658 1
381 710 1
381 855 1
381 862 1
381 923 1
382 391 1
382 452 1
382 479 1
382 586 1
382 610 1
382 665 1
382 781 1
383 398 1
383 415 1
383 438 1
383 460 1
383 587 1
383 590 1
383 601 1
383 644 1
383 651 1
383 662 1
383 668 1
383 698 1
383 734 1
383 764 1
383 843 1
383 859 1
383 907 1
383 946 1
383 977 1
384 390 1
384 451 1
384 497 1
384 519 1
384 619 1
384 634 1
384 648 1
384 736 1
384 738 1
384 784 1
385 386 1
385 437 1
385 467 1
385 500 1
385 534 1
385 645 1
385 673 1
385 812 1
385 863 1
386 418 1
386 447 1
386 453 1
386 510 1
386 528 1
386 533 1
386 618 1
386 726 1
386 732 1
386 816 1
386 860 1
386 877 1
387 448 1
387 483 1
387 534 1
387 640 1
387 716 1
387 722 1
387 723 1
387 729 1
387 774 1
387 981 1
387 996 1
388 587 1
388 590 1
388 622 1
388 672 1
388 688 1
388 708 1
388 786 1
388 795 1
388 804 1
388 833 1
388 838 1
388 852 1
388 886 1
388 898 1
388 899 1
388 951 1
389 480 1
389 512 1
389 580 1
389 622 1
389 799 1
389 805 1
389 847 1
389 894 1
390 444 1
390 471 1
390 591 1
390 636 1
390 696 1
390 740 1
390 798 1
390 812 1
390 837 1
390 896 1
390 917 1
390 938 1
390 960 1
391 412 1
391 429 1
391 468 1
391 551 1
391 574 1
391 641 1
391 648 1
391 651 1
391 707 1
391 803 1
391 807 1
391 959 1
392 474 1
392 482 1
392 483 1
392 499 1
392 542 1
392 554 1
392 651 1
392 658 1
392 776 1
392 798 1
392 815 1
392 844 1
392 848 1
392 887 1
392 898 1
392 994 1
393 431 1
393 456 1
393 587 1
393 603 1
393 622 1
393 654 1
393 695 1
393 875 1
393 933 1
393 977 1
394 436 1
394 449 1
394 481 1
394 510 1
394 549 1
394 595 1
394 671 1
394 689 1
394 707 1
394 710 1
394 716 1
394 730 1
394 837 1
394 910 1
394 988 1
395 404 1
395 413 1
395 486 1
395 533 1
395 578 1
395 585 1
395 648 1
395 653 1
395 657 1
395 676 1
395 824 1
395 903 1
395 949 1
395 972 1
395 990 1
396 449 1
396 458 1
396 492 1
396 520 1
396 614 1
396 618 1
396 704 1
396 762 1
396 895 1
396 912 1
396 913 1
396 926 1
396 942 1
396 945 1
396 953 1
396 966 1
397 481 1
397 557 1
397 564 1
397 577 1
397 604 1
397 606 1
397 624 1
397 741 1
397 744 1
397 765 1
397 772 1
397 802 1
397 884 1
397 900 1
397 939 1
397 963 1
398 416 1
398 460 1
398 476 1
398 486 1
398 504 1
398 506 1
398 577 1
398 582 1
398 590 1
398 738 1
398 824 1
398 928 1
398 937 1
398 941 1
398 942 1
398 967 1
398 968 1
399 459 1
399 498 1
399 596 1
399 643 1
399 659 1
399 778 1
399 847 1
399 865 1
400 430 1
400 451 1
400 453 1
400 513 1
400 527 1
400 609 1
400 611 1
400 688 1
400 705 1
400 734 1
400 798 1
400 840 1
400 877 1
400 949 1
401 413 1
401 428 1
401 743 1
401 779 1
401 805 1
401 855 1
401 861 1
401 868 1
401 917 1
401 931 1
401 950 1
401 960 1
401 967 1
401 980 1
401 996 1
402 443 1
402 493 1
402 538 1
402 546 1
402 556 1
402 595 1
402 610 1
402 625 1
402 687 1
402 746 1
402 753 1
402 784 1
402 792 1
402 842 1
402 973 1
403 503 1
403 514 1
403 524 1
403 551 1
403 646 1
403 813 1
404 474 1
404 526 1
404 592 1
404 751 1
404 768 1
404 928 1
404 973 1
405 474 1
405 504 1
405 734 1
405 743 1
405 795 1
405 847 1
406 556 1
406 602 1
406 714 1
406 764 1
407 423 1
407 443 1
407 498 1
407 556 1
407 569 1
407 578 1
407 597 1
407 627 1
407 639 1
407 664 1
407 685 1
407 710 1
407 730 1
407 878 1
407 945 1
407 987 1
408 418 1
408 441 1
408 504 1
408 596 1
408 605 1
408 652 1
408 678 1
408 729 1
408 748 1
408 764 1
408 785 1
408 804 1
408 822 1
408 848 1
408 883 1
408 905 1
408 976 1
408 980 1
409 428 1
409 444 1
409 461 1
409 475 1
409 500 1
409 505 1
409 508 1
409 557 1
409 626 1
409 631 1
409 762 1
409 840 1
409 844 1
409 980 1
410 424 1
410 435 1
410 540 1
410 541 1
410 552 1
410 590 1
410 655 1
410 712 1
410 730 1
410 775 1
410 838 1
410 850 1
410 877 1
410 958 1
410 994 1
411 471 1
411 484 1
411 521 1
411 527 1
411 603 1
411 604 1
411 694 1
411 699 1
411 726 1
411 766 1
411 829 1
411 853 1
411 950 1
411 955 1
412 512 1
412 542 1
412 553 1
412 570 1
412 647 1
412 708 1
412 720 1
412 940 1
412 946 1
412 993 1
413 471 1
413 475 1
413 478 1
413 502 1
413 557 1
413 598 1
413 623 1
413 635 1
413 702 1
413 754 1
413 757 1
413 900 1
413 953 1
413 961 1
413 994 1
414 531 1
414 539 1
414 557 1
414 568 1
414 583 1
414 632 1
414 640 1
414 681 1
414 761 1
414 875 1
414 894 1
414 942 1
414 984 1
415 431 1
415 518 1
415 583 1
415 655 1
415 686 1
415 705 1
415 706 1
415 710 1
415 787 1
415 825 1
415 826 1
415 947 1
415 951 1
415 993 1
416 601 1
416 665 1
416 677 1
416 702 1
416 713 1
416 780 1
416 887 1
416 913 1
416 920 1
417 438 1
417 528 1
417 545 1
417 561 1
417 576 1
417 606 1
417 619 1
417 639 1
417 790 1
417 877 1
417 918 1
417 932 1
417 983 1
417 987 1
418 434 1
418 474 1
418 535 1
418 608 1
418 610 1
418 736 1
418 877 1
418 879 1
418 881 1
419 432 1
419 448 1
419 537 1
419 622 1
419 752 1
419 812 1
419 955 1
419 983 1
420 499 1
420 538 1
420 597 1
420 692 1
420 762 1
420 811 1
420 870 1
420 872 1
420 883 1
420 929 1
420 977 1
420 995 1
421 452 1
421 499 1
421 598 1
421 601 1
421 623 1
421 751 1
421 938 1
421 965 1
421 971 1
421 989 1
422 440 1
422 610 1
422 611 1
422 666 1
422 707 1
422 817 1
422 854 1
422 879 1
422 964 1
423 440 1
423 480 1
423 506 1
423 529 1
423 574 1
423 684 1
423 725 1
423 787 1
423 790 1
423 855 1
423 903 1
423 989 1
424 514 1
424 541 1
424 579 1
424 648 1
424 719 1
424 725 1
424 755 1
424 762 1
424 768 1
424 797 1
424 806 1
424 835 1
424 908 1
424 910 1
424 932 1
424 937 1
424 960 1
425 558 1
425 597 1
425 598 1
425 726 1
425 784 1
425 821 1
425 842 1
425 917 1
425 957 1
425 967 1
426 445 1
426 485 1
426 514 1
426 545 1
426 554 1
426 569 1
426 573 1
426 597 1
426 675 1
426 807 1
426 840 1
426 852 1
426 917 1
426 919 1
426 998 1
427 517 1
427 521 1
427 542 1
427 567 1
427 619 1
427 676 1
427 691 1
427 716 1
427 758 1
427 763 1
427 831 1
427 849 1
427 989 1
428 463 1
428 523 1
428 524 1
428 560 1
428 572 1
428 587 1
428 588 1
428 604 1
428 619 1
428 719 1
428 800 1
428 807 1
428 913 1
428 925 1
428 982 1
428 999 1
429 528 1
429 590 1
429 665 1
429 724 1
429 757 1
429 760 1
429 785 1
429 996 1
430 432 1
430 473 1
430 549 1
430 593 1
430 611 1
430 615 1
430 717 1
430 826 1
431 432 1
431 459 1
431 531 1
431 535 1
431 568 1
431 623 1
431 645 1
431 802 1
431 831 1
431 849 1
431 877 1
431 880 1
431 890 1
432 454 1
432 500 1
432 530 1
432 548 1
432 559 1
432 616 1
432 633 1
432 816 1
432 874 1
432 965 1
432 989 1
432 996 1
433 499 1
433 520 1
433 566 1
433 602 1
433 625 1
433 626 1
433 638 1
433 663 1
433 669 1
433 689 1
433 703 1
433 721 1
433 722 1
433 734 1
433 737 1
433 848 1
433 873 1
433 930 1
433 982 1
433 983 1
434 472 1
434 626 1
434 679 1
434 686 1
434 692 1
434 708 1
434 715 1
434 744 1
434 881 1
434 902 1
434 930 1
435 443 1
435 550 1
435 585 1
435 593 1
435 620 1
435 642 1
435 696 1
435 743 1
435 787 1
435 828 1
435 909 1
436 461 1
436 492 1
436 543 1
436 553 1
436 559 1
436 609 1
436 620 1
436 667 1
436 727 1
436 772 1
436 814 1
436 989 1
437 571 1
437 663 1
437 695 1
437 722 1
437 756 1
437 803 1
437 923 1
437 929 1
438 461 1
438 551 1
438 555 1
438 785 1
438 834 1
439 487 1
439 489 1
439 793 1
439 837 1
439 896 1
439 923 1
439 933 1
439 934 1
439 948 1
439 978 1
440 459 1
440 462 1
440 565 1
440 566 1
440 594 1
440 607 1
440 697 1
440 774 1
440 946 1
440 961 1
441 496 1
441 580 1
441 611 1
441 628 1
441 644 1
441 650 1
441 853 1
441 929 1
442 504 1
442 536 1
442 595 1
442 613 1
442 677 1
442 707 1
442 712 1
442 728 1
442 747 1
442 762 1
442 817 1
442 857 1
442 863 1
442 905 1
442 923 1
442 948 1
442 961 1
442 970 1
442 997 1
443 451 1
443 555 1
443 604 1
443 634 1
443 763 1
443 816 1
443 819 1
443 862 1
443 902 1
443 909 1
444 461 1
444 506 1
444 641 1
444 743 1
444 876 1
444 935 1
444 966 1
445 457 1
445 535 1
445 625 1
445 648 1
445 654 1
445 730 1
445 832 1
445 848 1
445 880 1
445 895 1
445 917 1
445 943 1
445 968 1
446 488 1
446 547 1
446 564 1
446 579 1
446 582 1
446 601 1
446 648 1
446 669 1
446 840 1
446 843 1
446 951 1
446 993 1
447 526 1
447 551 1
447 592 1
447 594 1
447 638 1
447 672 1
447 779 1
447 815 1
447 907 1
447 912 1
447 938 1
448 454 1
448 547 1
448 576 1
448 623 1
448 649 1
448 732 1
448 761 1
448 832 1
448 833 1
448 870 1
448 894 1
449 510 1
449 614 1
449 710 1
449 767 1
449 768 1
449 804 1
449 871 1
449 913 1
449 947 1
450 568 1
450 625 1
450 660 1
450 762 1
450 779 1
450 781 1
450 850 1
450 854 1
450 877 1
450 895 1
450 932 1
450 951 1
450 956 1
450 983 1
451 460 1
451 603 1
451 627 1
451 644 1
451 723 1
451 833 1
451 895 1
451 920 1
451 926 1
451 975 1
451 980 1
451 988 1
452 619 1
452 650 1
452 698 1
452 754 1
452 791 1
452 816 1
452 842 1
452 881 1
452 920 1
452 932 1
452 944 1
452 969 1
453 518 1
453 558 1
453 703 1
453 738 1
453 838 1
453 898 1
453 905 1
454 456 1
454 466 1
454 474 1
454 491 1
454 508 1
454 511 1
454 532 1
454 662 1
454 665 1
454 704 1
454 820 1
454 874 1
454 944 1
454 949 1
455 483 1
455 567 1
455 591 1
455 604 1
455 615 1
455 647 1
455 676 1
455 704 1
455 833 1
455 946 1
455 951 1
456 464 1
456 604 1
456 613 1
456 671 1
456 696 1
456 837 1
456 869 1
457 554 1
457 844 1
457 858 1
457 903 1
457 935 1
458 471 1
458 549 1
458 617 1
458 678 1
458 718 1
458 736 1
458 737 1
458 768 1
458 836 1
458 908 1
458 935 1
458 949 1
458 984 1
459 542 1
459 623 1
459 651 1
459 688 1
459 709 1
459 747 1
459 848 1
459 890 1
459 895 1
459 902 1
459 941 1
459 970 1
460 512 1
460 526 1
460 708 1
460 721 1
460 807 1
460 904 1
460 983 1
461 560 1
461 604 1
461 657 1
461 690 1
461 691 1
461 732 1
461 830 1
461 834 1
461 840 1
461 901 1
461 912 1
461 929 1
461 947 1
461 948 1
461 971 1
462 512 1
462 515 1
462 524 1
462 592 1
462 595 1
462 619 1
462 624 1
462 789 1
462 805 1
462 816 1
462 824 1
462 897 1
462 927 1
462 945 1
462 987 1
462 999 1
463 519 1
463 531 1
463 536 1
463 566 1
463 621 1
463 622 1
463 650 1
463 656 1
463 814 1
463 923 1
463 964 1
463 967 1
463 991 1
464 538 1
464 541 1
464 714 1
464 754 1
464 812 1
464 880 1
465 484 1
465 588 1
465 619 1
465 621 1
465 663 1
465 676 1
465 680 1
465 696 1
465 722 1
465 738 1
465 768 1
465 886 1
465 913 1
466 473 1
466 501 1
466 504 1
466 526 1
466 614 1
466 621 1
466 643 1
466 698 1
466 700 1
466 718 1
466 732 1
466 749 1
466 761 1
466 843 1
466 859 1
466 984 1
467 524 1
467 603 1
467 610 1
467 627 1
467 636 1
467 662 1
467 673 1
467 772 1
467 773 1
467 806 1
467 839 1
467 852 1
467 868 1
467 884 1
467 912 1
468 515 1
468 670 1
468 781 1
468 902 1
468 978 1
469 535 1
469 560 1
469 671 1
469 723 1
469 773 1
469 787 1
469 788 1
469 807 1
469 835 1
469 865 1
469 908 1
469 960 1
470 562 1
470 564 1
470 566 1
470 601 1
470 617 1
470 647 1
470 697 1
470 830 1
470 951 1
470 958 1
471 554 1
471 566 1
471 588 1
471 610 1
471 649 1
471 671 1
471 780 1
471 781 1
471 789 1
471 875 1
471 966 1
472 509 1
472 538 1
472 603 1
472 662 1
472 679 1
472 690 1
472 761 1
472 804 1
472 874 1
472 980 1
472 996 1
473 584 1
473 598 1
473 652 1
473 666 1
473 691 1
473 695 1
473 738 1
473 744 1
473 920 1
474 507 1
474 539 1
474 700 1
474 710 1
474 758 1
474 779 1
474 795 1
474 846 1
474 875 1
474 886 1
474 990 1
474 994 1
475 504 1
475 509 1
475 561 1
475 630 1
475 644 1
475 655 1
475 801 1
475 835 1
475 842 1
475 873 1
476 655 1
476 701 1
476 709 1
476 759 1
476 859 1
476 896 1
476 983 1
476 992 1
477 503 1
477 520 1
477 542 1
477 575 1
477 614 1
477 633 1
477 689 1
477 826 1
477 884 1
477 916 1
477 959 1
478 506 1
478 538 1
478 576 1
478 595 1
478 605 1
478 612 1
478 614 1
478 658 1
478 666 1
478 670 1
478 692 1
478 698 1
478 719 1
478 757 1
478 775 1
478 780 1
478 785 1
478 814 1
478 825 1
478 911 1
478 923 1
478 937 1
478 946 1
478 971 1
478 989 1
479 560 1
479 707 1
479 810 1
479 826 1
479 839 1
479 881 1
479 911 1
479 917 1
479 954 1
480 483 1
480 487 1
480 580 1
480 594 1
480 702 1
480 703 1
480 754 1
480 782 1
480 800 1
480 989 1
481 489 1
481 520 1
481 578 1
481 605 1
481 620 1
481 770 1
481 816 1
481 828 1
481 847 1
481 895 1
481 911 1
481 936 1
482 624 1
482 666 1
482 680 1
482 763 1
482 821 1
482 851 1
482 957 1
482 988 1
483 490 1
483 515 1
483 626 1
483 629 1
483 745 1
483 886 1
484 496 1
484 575 1
484 590 1
484 605 1
484 624 1
484 662 1
484 709 1
484 719 1
484 756 1
484 799 1
484 804 1
484 864 1
484 888 1
484 916 1
484 920 1
484 946 1
484 995 1
485 565 1
485 637 1
485 643 1
485 670 1
485 687 1
485 727 1
485 780 1
485 889 1
485 901 1
485 927 1
485 990 1
486 488 1
486 501 1
486 630 1
486 643 1
486 680 1
486 691 1
486 824 1
486 864 1
487 495 1
487 497 1
487 510 1
487 542 1
487 581 1
487 590 1
487 604 1
487 633 1
487 635 1
487 662 1
487 728 1
487 793 1
487 865 1
487 886 1
487 940 1
488 521 1
488 585 1
488 644 1
488 664 1
488 711 1
488 764 1
488 782 1
488 792 1
488 880 1
488 889 1
488 907 1
488 950 1
488 981 1
489 504 1
489 525 1
489 533 1
489 797 1
489 873 1
489 923 1
490 572 1
490 601 1
490 618 1
490 629 1
490 636 1
490 650 1
490 652 1
490 693 1
490 705 1
490 792 1
490 967 1
490 982 1
490 997 1
491 500 1
491 552 1
491 578 1
491 608 1
491 609 1
491 902 1
491 916 1
492 521 1
492 575 1
492 765 1
492 882 1
492 910 1
492 961 1
492 970 1
492 972 1
492 980 1
493 617 1
493 743 1
493 833 1
493 945 1
494 571 1
494 603 1
494 628 1
494 717 1
494 755 1
494 854 1
494 906 1
494 911 1
494 918 1
494 935 1
494 968 1
494 984 1
495 522 1
495 550 1
495 576 1
495 612 1
495 707 1
495 732 1
495 824 1
495 841 1
495 849 1
495 866 1
495 871 1
495 912 1
495 913 1
495 931 1
496 549 1
496 609 1
496 646 1
496 655 1
496 677 1
496 783 1
496 789 1
496 839 1
496 920 1
497 614 1
497 721 1
497 732 1
497 777 1
497 797 1
497 838 1
497 844 1
497 964 1
497 992 1
498 518 1
498 578 1
498 647 1
498 686 1
498 749 1
498 874 1
498 911 1
498 917 1
499 513 1
499 632 1
499 645 1
499 664 1
499 677 1
499 688 1
499 693 1
499 711 1
499 732 1
499 748 1
499 770 1
499 864 1
499 917 1
500 535 1
500 537 1
500 563 1
500 576 1
500 694 1
500 742 1
500 825 1
500 887 1
501 576 1
501 592 1
501 601 1
501 605 1
501 680 1
501 766 1
501 815 1
501 861 1
501 867 1
501 881 1
501 906 1
501 907 1
501 974 1
501 995 1
502 563 1
502 698 1
502 699 1
502 786 1
502 835 1
502 856 1
502 916 1
503 924 1
503 969 1
504 574 1
504 579 1
504 657 1
504 751 1
504 765 1
504 770 1
504 805 1
504 906 1
504 910 1
504 916 1
504 967 1
504 968 1
504 999 1
505 508 1
505 517 1
505 518 1
505 608 1
505 619 1
505 630 1
505 651 1
505 654 1
505 657 1
505 718 1
505 804 1
505 843 1
505 885 1
505 929 1
505 979 1
506 553 1
506 643 1
506 715 1
506 752 1
506 796 1
506 797 1
506 800 1
506 873 1
506 922 1
506 984 1
507 523 1
507 559 1
507 618 1
507 625 1
507 631 1
507 658 1
507 665 1
507 739 1
507 776 1
507 813 1
507 830 1
507 926 1
507 933 1
508 600 1
508 752 1
508 755 1
508 778 1
508 784 1
508 802 1
508 876 1
508 902 1
508 921 1
508 955 1
508 993 1
509 680 1
509 683 1
509 732 1
509 736 1
509 780 1
509 851 1
509 856 1
509 867 1
509 869 1
509 981 1
510 570 1
510 744 1
510 814 1
510 824 1
510 849 1
510 883 1
510 906 1
510 976 1
511 667 1
511 671 1
511 865 1
511 877 1
511 884 1
511 984 1
511 994 1
512 542 1
512 547 1
512 603 1
512 789 1
512 809 1
512 817 1
512 921 1
512 954 1
512 980 1
513 606 1
513 615 1
513 637 1
513 692 1
513 706 1
513 760 1
513 811 1
513 872 1
513 954 1
514 566 1
514 575 1
514 660 1
514 668 1
514 773 1
514 774 1
514 877 1
514 893 1
514 944 1
514 992 1
515 566 1
515 616 1
515 626 1
515 786 1
515 838 1
515 841 1
515 847 1
515 953 1
515 960 1
515 970 1
516 544 1
516 628 1
516 634 1
516 686 1
516 712 1
516 756 1
516 759 1
516 915 1
516 965 1
517 553 1
517 587 1
517 619 1
517 777 1
517 778 1
517 802 1
517 883 1
517 887 1
517 908 1
518 547 1
518 549 1
518 672 1
518 709 1
518 763 1
518 818 1
518 827 1
518 850 1
518 851 1
519 523 1
519 565 1
519 591 1
519 682 1
519 863 1
519 982 1
519 996 1
520 552 1
520 570 1
520 611 1
520 629 1
520 649 1
520 758 1
520 777 1
520 780 1
520 811 1
520 826 1
520 831 1
520 883 1
520 960 1
521 634 1
521 716 1
521 788 1
521 794 1
521 795 1
521 809 1
521 859 1
521 978 1
521 997 1
522 543 1
522 703 1
522 786 1
522 829 1
522 831 1
522 865 1
522 867 1
522 876 1
522 917 1
522 922 1
522 958 1
523 630 1
523 707 1
523 743 1
523 782 1
523 829 1
523 842 1
523 916 1
523 917 1
523 918 1
524 629 1
524 692 1
524 711 1
524 733 1
524 838 1
524 895 1
524 904 1
524 935 1
524 961 1
524 988 1
525 528 1
525 617 1
525 699 1
525 707 1
525 816 1
525 836 1
525 898 1
525 986 1
526 575 1
526 604 1
526 620 1
526 638 1
526 709 1
526 718 1
526 772 1
526 780 1
526 781 1
526 790 1
526 824 1
526 858 1
526 865 1
526 887 1
526 938 1
526 976 1
527 637 1
527 651 1
527 708 1
527 785 1
527 843 1
527 851 1
527 861 1
527 925 1
527 985 1
528 531 1
528 583 1
528 637 1
528 702 1
528 807 1
528 826 1
528 847 1
528 976 1
529 543 1
529 544 1
529 549 1
529 610 1
529 616 1
529 730 1
529 769 1
529 846 1
529 979 1
530 539 1
530 608 1
530 624 1
530 628 1
530 643 1
530 665 1
530 742 1
530 801 1
530 806 1
530 825 1
530 849 1
530 983 1
531 545 1
531 575 1
531 603 1
531 714 1
531 740 1
531 873 1
531 897 1
531 900 1
531 915 1
531 926 1
532 550 1
532 793 1
532 847 1
532 954 1
532 975 1
533 550 1
533 636 1
533 637 1
533 652 1
533 656 1
533 663 1
533 695 1
533 701 1
533 712 1
533 735 1
533 770 1
533 787 1
533 790 1
533 797 1
533 815 1
533 839 1
533 866 1
533 915 1
533 964 1
534 622 1
534 675 1
534 699 1
534 707 1
534 816 1
534 820 1
535 540 1
535 623 1
535 690 1
535 705 1
535 742 1
535 748 1
535 827 1
535 834 1
535 927 1
536 680 1
536 710 1
536 719 1
536 759 1
536 760 1
536 895 1
536 915 1
536 994 1
537 716 1
537 754 1
537 769 1
537 826 1
537 837 1
537 845 1
537 855 1
537 974 1
538 592 1
538 603 1
538 766 1
538 821 1
538 834 1
538 917 1
539 684 1
539 694 1
539 742 1
539 761 1
539 804 1
539 826 1
539 838 1
539 861 1
539 881 1
540 642 1
540 689 1
540 692 1
540 714 1
540 810 1
540 811 1
540 907 1
540 951 1
540 976 1
541 542 1
541 605 1
541 682 1
541 756 1
541 778 1
541 780 1
541 849 1
541 889 1
541 899 1
541 972 1
541 989 1
542 591 1
542 639 1
542 680 1
542 725 1
542 845 1
542 873 1
542 880 1
542 920 1
542 966 1
542 972 1
542 986 1
543 577 1
543 640 1
543 674 1
543 686 1
543 687 1
543 694 1
543 726 1
543 742 1
543 760 1
543 789 1
543 817 1
543 838 1
543 842 1
543 887 1
543 918 1
543 962 1
544 591 1
544 714 1
544 832 1
544 943 1
545 580 1
545 592 1
545 594 1
545 707 1
545 709 1
545 722 1
545 863 1
545 872 1
545 901 1
546 613 1
546 776 1
546 867 1
546 909 1
546 950 1
546 961 1
546 983 1
546 993 1
547 560 1
547 571 1
547 687 1
547 703 1
547 821 1
547 896 1
547 897 1
547 917 1
547 946 1
548 613 1
548 682 1
548 746 1
548 756 1
548 832 1
548 833 1
548 847 1
548 906 1
548 911 1
548 947 1
549 584 1
549 673 1
549 791 1
549 833 1
549 851 1
549 944 1
549 965 1
549 994 1
550 628 1
550 633 1
550 635 1
550 680 1
550 698 1
550 721 1
550 741 1
550 760 1
550 778 1
550 790 1
550 827 1
550 883 1
550 886 1
550 897 1
550 948 1
550 965 1
550 984 1
551 570 1
551 650 1
551 652 1
551 703 1
551 711 1
551 805 1
551 808 1
551 874 1
551 882 1
551 952 1
551 958 1
551 970 1
551 984 1
552 646 1
552 679 1
552 704 1
552 787 1
552 811 1
552 822 1
552 840 1
552 882 1
552 917 1
552 937 1
553 624 1
553 649 1
553 701 1
553 820 1
553 840 1
553 841 1
553 861 1
553 899 1
553 965 1
553 993 1
553 994 1
554 582 1
554 626 1
554 683 1
554 737 1
554 751 1
554 809 1
554 811 1
554 832 1
554 862 1
554 925 1
554 934 1
554 962 1
554 990 1
555 584 1
555 636 1
555 664 1
555 763 1
555 764 1
555 837 1
555 863 1
555 868 1
555 926 1
555 927 1
555 991 1
555 995 1
556 564 1
556 570 1
556 618 1
556 639 1
556 641 1
556 652 1
556 655 1
556 693 1
556 729 1
556 751 1
556 758 1
556 766 1
556 811 1
556 895 1
556 939 1
556 957 1
557 597 1
557 639 1
557 677 1
557 722 1
557 745 1
557 817 1
557 829 1
557 859 1
557 881 1
557 887 1
557 915 1
558 571 1
558 744 1
558 763 1
558 795 1
558 799 1
558 838 1
558 871 1
558 928 1
558 942 1
558 958 1
558 964 1
558 968 1
559 573 1
559 583 1
559 591 1
559 625 1
559 658 1
559 693 1
559 724 1
559 752 1
559 763 1
559 775 1
559 789 1
559 820 1
559 831 1
559 908 1
559 921 1
560 605 1
560 642 1
560 692 1
560 708 1
560 785 1
560 822 1
560 847 1
561 563 1
561 620 1
561 635 1
561 664 1
561 666 1
561 758 1
561 915 1
561 931 1
562 563 1
562 657 1
562 681 1
562 719 1
562 731 1
562 760 1
562 808 1
562 906 1
563 594 1
563 671 1
563 704 1
563 801 1
563 818 1
563 857 1
563 864 1
563 872 1
563 898 1
563 899 1
563 900 1
563 933 1
563 942 1
563 965 1
563 983 1
564 632 1
564 652 1
564 653 1
564 703 1
564 739 1
564 780 1
564 835 1
564 846 1
564 883 1
564 944 1
564 982 1
564 995 1
565 626 1
565 736 1
565 820 1
565 886 1
565 966 1
565 986 1
566 676 1
566 691 1
566 706 1
566 736 1
566 762 1
566 797 1
566 867 1
566 872 1
566 977 1
567 585 1
567 678 1
567 690 1
567 705 1
567 726 1
567 736 1
567 751 1
567 827 1
567 847 1
567 941 1
567 944 1
568 617 1
568 691 1
568 695 1
568 764 1
568 815 1
568 828 1
568 952 1
568 972 1
569 574 1
569 579 1
569 630 1
569 657 1
569 660 1
569 685 1
569 715 1
569 812 1
569 822 1
569 936 1
569 975 1
570 703 1
570 713 1
570 720 1
570 765 1
570 768 1
570 774 1
570 811 1
570 925 1
571 589 1
571 597 1
571 612 1
571 631 1
571 663 1
571 691 1
571 790 1
571 815 1
571 870 1
571 902 1
571 909 1
571 940 1
571 969 1
571 987 1
571 988 1
572 653 1
572 658 1
572 703 1
572 830 1
572 845 1
572 848 1
572 917 1
572 996 1
573 596 1
573 684 1
573 824 1
573 832 1
573 843 1
573 860 1
573 861 1
573 927 1
573 959 1
573 963 1
573 965 1
574 608 1
574 674 1
574 691 1
574 704 1
574 803 1
574 838 1
574 908 1
574 943 1
574 949 1
574 994 1
575 675 1
575 778 1
575 931 1
576 579 1
576 650 1
576 660 1
576 694 1
576 835 1
576 967 1
577 594 1
577 614 1
577 654 1
577 702 1
577 705 1
577 746 1
577 761 1
577 784 1
577 794 1
577 797 1
577 863 1
578 596 1
578 599 1
578 653 1
578 708 1
578 738 1
578 763 1
578 919 1
579 727 1
579 769 1
579 791 1
579 832 1
579 833 1
579 850 1
579 866 1
579 873 1
579 939 1
579 942 1
580 587 1
580 604 1
580 610 1
580 621 1
580 651 1
580 661 1
580 664 1
580 685 1
580 754 1
580 779 1
580 781 1
580 783 1
580 825 1
580 846 1
580 867 1
580 901 1
580 948 1
581 588 1
581 629 1
581 692 1
581 805 1
581 837 1
581 891 1
582 684 1
582 719 1
582 739 1
582 756 1
582 864 1
582 889 1
583 696 1
583 740 1
583 764 1
583 781 1
583 835 1
583 842 1
583 875 1
584 591 1
584 647 1
584 740 1
584 747 1
584 779 1
584 808 1
584 827 1
584 938 1
584 988 1
585 625 1
585 669 1
585 764 1
585 777 1
585 796 1
585 843 1
585 850 1
585 880 1
585 930 1
586 589 1
586 602 1
586 648 1
586 665 1
586 816 1
586 906 1
586 939 1
586 992 1
587 690 1
587 739 1
587 754 1
587 761 1
587 763 1
587 764 1
587 806 1
587 814 1
587 880 1
587 884 1
588 723 1
588 788 1
588 850 1
588 958 1
589 601 1
589 663 1
589 706 1
589 738 1
589 775 1
589 807 1
589 813 1
589 920 1
589 950 1
589 981 1
590 677 1
590 754 1
590 830 1
590 916 1
590 985 1
591 600 1
591 614 1
591 771 1
591 794 1
591 798 1
591 854 1
591 873 1
591 893 1
591 992 1
592 646 1
592 652 1
592 746 1
592 762 1
592 778 1
592 837 1
592 843 1
592 855 1
592 894 1
592 950 1
592 978 1
593 652 1
593 662 1
593 699 1
593 724 1
593 748 1
593 782 1
593 801 1
593 960 1
593 973 1
593 988 1
594 600 1
594 658 1
594 670 1
594 683 1
594 732 1
594 734 1
594 800 1
594 868 1
594 888 1
594 965 1
594 991 1
594 994 1
595 621 1
595 684 1
595 877 1
596 633 1
596 669 1
596 673 1
596 725 1
596 734 1
596 753 1
596 756 1
596 830 1
596 838 1
596 844 1
596 846 1
596 852 1
597 666 1
597 680 1
597 703 1
597 772 1
597 818 1
597 852 1
597 909 1
598 644 1
598 697 1
598 801 1
598 802 1
598 811 1
599 611 1
599 619 1
599 703 1
599 773 1
599 780 1
599 939 1
600 623 1
600 686 1
600 690 1
600 702 1
600 777 1
600 967 1
601 705 1
601 791 1
601 854 1
601 967 1
602 700 1
602 733 1
602 775 1
602 798 1
602 814 1
602 848 1
602 890 1
602 944 1
603 614 1
603 621 1
603 723 1
603 756 1
603 777 1
603 817 1
603 990 1
603 996 1
604 695 1
604 700 1
604 849 1
604 857 1
604 876 1
604 952 1
604 960 1
604 998 1
605 662 1
605 758 1
605 931 1
606 684 1
606 737 1
606 810 1
606 890 1
606 965 1
606 990 1
607 656 1
607 723 1
607 831 1
607 887 1
607 930 1
607 946 1
607 961 1
608 741 1
608 849 1
608 869 1
608 900 1
608 921 1
609 615 1
609 638 1
609 678 1
609 731 1
609 734 1
609 736 1
609 790 1
609 858 1
609 937 1
609 956 1
609 976 1
609 981 1
610 625 1
610 629 1
610 778 1
610 797 1
610 854 1
610 920 1
610 944 1
610 971 1
610 975 1
611 616 1
611 635 1
611 650 1
611 679 1
611 704 1
611 817 1
611 881 1
611 885 1
611 904 1
611 915 1
611 923 1
611 949 1
612 649 1
612 680 1
612 751 1
612 753 1
612 794 1
612 871 1
612 877 1
612 880 1
612 929 1
612 948 1
613 731 1
613 840 1
613 872 1
613 955 1
614 644 1
614 663 1
614 669 1
614 707 1
614 750 1
614 751 1
614 839 1
614 868 1
614 942 1
614 943 1
615 726 1
615 736 1
615 759 1
615 833 1
615 836 1
615 856 1
615 863 1
615 888 1
616 625 1
616 691 1
616 696 1
616 913 1
616 919 1
616 942 1
616 977 1
617 685 1
617 690 1
617 801 1
617 823 1
617 846 1
617 883 1
617 923 1
617 932 1
618 636 1
618 697 1
618 740 1
618 804 1
618 817 1
618 951 1
619 626 1
619 644 1
619 715 1
619 762 1
619 790 1
619 796 1
619 823 1
619 832 1
619 862 1
619 866 1
619 872 1
620 634 1
620 641 1
620 702 1
620 723 1
620 734 1
620 822 1
620 862 1
620 966 1
620 971 1
621 649 1
621 671 1
621 720 1
621 849 1
621 854 1
621 865 1
621 897 1
621 907 1
621 933 1
622 629 1
622 682 1
622 806 1
622 847 1
622 881 1
622 917 1
622 925 1
622 961 1
622 980 1
623 657 1
623 687 1
623 710 1
623 757 1
623 758 1
623 785 1
623 890 1
623 891 1
623 915 1
624 643 1
624 671 1
624 674 1
624 687 1
624 829 1
624 855 1
625 740 1
625 782 1
625 792 1
625 850 1
625 893 1
625 902 1
625 963 1
626 764 1
626 796 1
626 858 1
626 875 1
626 885 1
626 906 1
626 962 1
627 719 1
627 730 1
627 753 1
627 797 1
627 892 1
627 922 1
628 680 1
628 690 1
628 739 1
628 950 1
628 964 1
629 764 1
629 779 1
629 952 1
629 961 1
629 994 1
630 640 1
630 658 1
630 730 1
630 969 1
630 970 1
630 984 1
630 996 1
631 704 1
631 714 1
631 734 1
631 748 1
631 798 1
631 810 1
631 882 1
631 939 1
632 772 1
632 784 1
632 860 1
632 873 1
632 885 1
633 710 1
633 731 1
633 770 1
633 859 1
633 904 1
633 910 1
634 678 1
634 688 1
634 738 1
634 786 1
634 789 1
634 902 1
634 965 1
635 666 1
635 702 1
635 719 1
635 733 1
635 793 1
635 810 1
635 814 1
635 824 1
635 842 1
635 894 1
636 846 1
636 874 1
636 975 1
637 645 1
637 652 1
637 693 1
637 698 1
637 738 1
637 751 1
637 763 1
637 828 1
637 859 1
637 888 1
637 933 1
638 689 1
638 721 1
638 770 1
638 814 1
638 820 1
638 825 1
638 871 1
638 982 1
638 996 1
639 814 1
639 872 1
639 893 1
639 963 1
640 652 1
640 653 1
640 700 1
640 754 1
640 864 1
640 893 1
640 902 1
640 971 1
640 975 1
641 643 1
641 656 1
641 659 1
641 742 1
641 759 1
641 815 1
641 939 1
641 975 1
641 983 1
642 667 1
642 688 1
642 705 1
642 808 1
642 915 1
642 919 1
642 924 1
642 987 1
643 721 1
643 847 1
643 960 1
643 983 1
643 997 1
644 662 1
644 722 1
644 877 1
644 904 1
645 727 1
645 761 1
645 779 1
645 858 1
645 898 1
645 913 1
645 953 1
646 679 1
646 726 1
646 752 1
646 833 1
646 841 1
646 877 1
646 878 1
646 962 1
647 697 1
647 714 1
647 896 1
647 901 1
647 907 1
647 971 1
648 695 1
648 700 1
648 717 1
648 795 1
648 811 1
648 865 1
648 909 1
648 970 1
648 990 1
649 681 1
649 737 1
649 745 1
649 752 1
649 765 1
649 766 1
649 773 1
649 778 1
649 831 1
649 846 1
649 890 1
649 920 1
649 972 1
650 678 1
650 737 1
650 762 1
650 905 1
650 925 1
651 661 1
651 784 1
651 797 1
651 843 1
651 863 1
651 959 1
652 736 1
652 739 1
652 756 1
652 807 1
652 829 1
652 900 1
652 936 1
653 675 1
653 678 1
653 681 1
653 726 1
653 776 1
653 780 1
653 810 1
653 820 1
653 934 1
653 942 1
653 963 1
653 998 1
654 698 1
654 886 1
654 958 1
654 971 1
655 675 1
655 682 1
655 816 1
655 870 1
655 980 1
656 670 1
656 746 1
656 768 1
656 778 1
656 791 1
656 821 1
656 886 1
656 901 1
656 986 1
656 990 1
656 997 1
656 998 1
657 691 1
657 714 1
657 755 1
657 802 1
657 820 1
658 681 1
658 736 1
658 737 1
658 755 1
658 775 1
658 837 1
658 990 1
659 672 1
659 698 1
659 735 1
659 774 1
659 832 1
659 846 1
659 893 1
659 962 1
660 807 1
660 850 1
660 859 1
660 966 1
660 971 1
661 711 1
661 729 1
661 794 1
661 952 1
661 973 1
661 980 1
662 716 1
662 751 1
662 761 1
662 887 1
662 919 1
662 938 1
663 666 1
663 739 1
663 751 1
663 752 1
663 796 1
663 828 1
663 831 1
663 967 1
664 677 1
664 690 1
664 860 1
664 866 1
664 869 1
664 896 1
664 964 1
665 677 1
665 684 1
665 848 1
665 892 1
665 905 1
665 919 1
665 938 1
665 977 1
666 740 1
666 756 1
666 795 1
666 797 1
666 829 1
666 907 1
666 916 1
666 950 1
666 961 1
666 966 1
666 967 1
667 674 1
667 677 1
667 690 1
667 731 1
667 775 1
667 781 1
667 810 1
667 935 1
667 962 1
667 969 1
667 996 1
668 776 1
668 793 1
668 890 1
668 917 1
668 979 1
669 677 1
669 710 1
669 737 1
669 883 1
670 677 1
670 679 1
670 696 1
670 700 1
670 758 1
670 828 1
670 913 1
670 983 1
672 734 1
672 738 1
672 878 1
672 885 1
672 917 1
672 956 1
672 981 1
673 748 1
673 777 1
673 778 1
673 908 1
674 681 1
674 692 1
674 755 1
674 788 1
674 823 1
674 841 1
674 912 1
674 924 1
675 747 1
675 772 1
675 897 1
676 685 1
676 687 1
676 693 1
676 724 1
676 769 1
676 796 1
676 841 1
676 858 1
676 864 1
676 896 1
676 921 1
676 924 1
676 980 1
677 692 1
677 765 1
677 819 1
677 882 1
677 961 1
677 962 1
678 741 1
678 749 1
678 858 1
679 748 1
679 769 1
679 867 1
679 883 1
679 923 1
679 933 1
680 717 1
680 738 1
680 822 1
680 829 1
680 855 1
680 863 1
680 874 1
680 919 1
680 979 1
681 697 1
681 763 1
681 778 1
681 791 1
681 815 1
681 816 1
681 873 1
681 887 1
681 911 1
681 935 1
681 976 1
682 742 1
682 767 1
682 822 1
682 825 1
682 882 1
682 932 1
682 951 1
683 714 1
683 820 1
683 921 1
684 727 1
684 770 1
684 845 1
684 854 1
684 945 1
684 972 1
685 703 1
685 709 1
685 739 1
685 890 1
685 908 1
685 912 1
685 921 1
685 926 1
685 976 1
686 694 1
686 720 1
686 750 1
686 752 1
686 867 1
686 871 1
686 922 1
686 926 1
687 769 1
687 772 1
687 794 1
687 803 1
687 903 1
687 918 1
687 941 1
688 732 1
688 745 1
688 780 1
688 847 1
688 870 1
688 966 1
688 992 1
689 735 1
689 798 1
689 842 1
689 935 1
689 946 1
689 949 1
690 697 1
690 708 1
690 793 1
690 810 1
690 819 1
690 826 1
690 903 1
690 908 1
690 938 1
691 698 1
691 709 1
691 837 1
691 924 1
691 999 1
692 787 1
692 790 1
693 704 1
693 710 1
693 824 1
693 826 1
693 864 1
693 884 1
693 950 1
694 730 1
694 732 1
694 755 1
694 778 1
694 795 1
694 797 1
694 840 1
694 871 1
694 904 1
694 922 1
694 929 1
694 943 1
695 742 1
695 751 1
695 769 1
695 910 1
695 922 1
695 970 1
696 706 1
696 742 1
696 757 1
696 760 1
696 817 1
696 871 1
696 924 1
696 954 1
697 700 1
697 972 1
697 996 1
698 754 1
698 773 1
698 892 1
698 915 1
699 848 1
699 907 1
699 922 1
699 937 1
700 802 1
700 812 1
700 817 1
700 831 1
700 866 1
700 875 1
700 886 1
700 906 1
700 993 1
701 726 1
701 755 1
701 851 1
701 900 1
701 933 1
702 706 1
702 725 1
702 751 1
703 785 1
703 855 1
703 951 1
704 752 1
704 756 1
704 798 1
704 833 1
704 999 1
705 707 1
705 745 1
705 764 1
705 802 1
705 816 1
705 921 1
705 936 1
705 991 1
706 733 1
706 823 1
706 826 1
707 760 1
707 853 1
707 879 1
707 909 1
708 714 1
708 732 1
708 744 1
708 805 1
709 791 1
709 795 1
709 855 1
709 865 1
709 888 1
710 734 1
710 879 1
710 958 1
710 979 1
711 736 1
711 762 1
711 764 1
711 776 1
711 789 1
711 794 1
711 833 1
711 839 1
711 867 1
711 868 1
711 883 1
711 913 1
711 967 1
711 992 1
712 769 1
712 770 1
712 814 1
712 820 1
712 843 1
712 874 1
712 938 1
712 976 1
713 797 1
713 803 1
713 876 1
714 744 1
714 848 1
714 853 1
714 888 1
715 730 1
715 927 1
715 988 1
716 759 1
716 958 1
716 988 1
717 754 1
717 819 1
717 875 1
717 917 1
717 922 1
717 940 1
717 950 1
717 957 1
717 968 1
718 743 1
718 768 1
718 796 1
718 814 1
718 889 1
718 966 1
718 989 1
719 765 1
719 912 1
719 949 1
720 777 1
720 840 1
720 855 1
720 902 1
720 920 1
720 930 1
720 990 1
721 735 1
721 744 1
721 866 1
721 916 1
722 782 1
722 876 1
722 898 1
722 902 1
722 906 1
722 934 1
723 734 1
723 858 1
723 867 1
723 870 1
723 954 1
723 959 1
723 993 1
724 796 1
724 828 1
724 975 1
724 995 1
725 738 1
725 836 1
725 940 1
725 956 1
726 779 1
726 838 1
726 846 1
726 859 1
726 881 1
726 895 1
726 921 1
726 977 1
726 993 1
726 996 1
727 733 1
727 750 1
727 797 1
727 882 1
727 992 1
728 854 1
728 908 1
728 924 1
728 949 1
728 950 1
728 987 1
729 762 1
729 958 1
729 988 1
730 938 1
730 951 1
731 792 1
731 852 1
731 855 1
732 809 1
732 813 1
732 820 1
732 897 1
733 738 1
733 894 1
733 896 1
733 966 1
734 749 1
734 783 1
734 804 1
734 869 1
734 916 1
734 923 1
734 986 1
735 740 1
735 789 1
735 884 1
735 905 1
735 918 1
735 961 1
736 761 1
736 785 1
736 791 1
736 804 1
736 862 1
736 895 1
736 911 1
736 961 1
737 739 1
737 759 1
737 766 1
737 864 1
737 927 1
737 977 1
738 747 1
738 788 1
738 930 1
738 932 1
739 820 1
739 950 1
739 987 1
740 761 1
740 780 1
740 884 1
741 805 1
741 828 1
741 885 1
741 909 1
741 933 1
741 964 1
742 798 1
742 808 1
742 840 1
742 871 1
742 879 1
742 895 1
743 760 1
743 786 1
743 801 1
743 814 1
743 830 1
743 870 1
743 902 1
743 908 1
743 912 1
744 749 1
744 766 1
744 819 1
744 881 1
744 900 1
744 919 1
744 966 1
745 755 1
745 759 1
745 832 1
745 923 1
745 948 1
745 987 1
745 994 1
746 771 1
746 819 1
746 851 1
746 933 1
746 942 1
747 758 1
747 976 1
748 844 1
748 990 1
749 753 1
749 836 1
749 987 1
749 992 1
750 752 1
750 786 1
750 873 1
750 893 1
751 785 1
751 861 1
751 881 1
751 889 1
751 961 1
752 774 1
752 815 1
752 895 1
752 952 1
752 976 1
752 990 1
753 822 1
753 951 1
753 969 1
754 761 1
754 770 1
754 932 1
754 953 1
754 992 1
754 999 1
755 798 1
755 853 1
755 893 1
756 914 1
757 789 1
757 802 1
757 899 1
758 824 1
758 861 1
758 916 1
758 959 1
758 965 1
758 987 1
759 882 1
759 943 1
760 960 1
760 972 1
760 992 1
761 775 1
761 787 1
761 791 1
761 803 1
761 836 1
761 894 1
761 917 1
762 794 1
762 945 1
762 990 1
763 932 1
763 962 1
764 846 1
765 776 1
765 782 1
765 807 1
765 823 1
766 876 1
766 938 1
766 941 1
767 809 1
767 867 1
767 971 1
768 796 1
768 901 1
768 914 1
768 919 1
768 953 1
769 850 1
769 902 1
769 903 1
769 980 1
769 985 1
769 996 1
770 833 1
770 853 1
770 892 1
770 941 1
770 960 1
770 966 1
771 786 1
771 802 1
771 888 1
771 955 1
772 886 1
772 931 1
772 950 1
773 787 1
773 815 1
773 817 1
773 970 1
773 984 1
773 988 1
774 832 1
774 857 1
775 795 1
775 831 1
775 840 1
775 873 1
775 958 1
776 790 1
776 804 1
776 809 1
776 841 1
776 885 1
776 950 1
776 965 1
777 784 1
777 965 1
777 989 1
778 780 1
778 836 1
778 865 1
778 895 1
778 980 1
779 819 1
779 873 1
779 924 1
779 975 1
780 933 1
780 974 1
780 981 1
780 989 1
781 783 1
781 789 1
781 826 1
781 849 1
781 906 1
781 940 1
781 947 1
782 794 1
782 818 1
782 957 1
782 972 1
783 799 1
783 808 1
783 844 1
783 881 1
783 938 1
784 859 1
784 867 1
784 878 1
784 956 1
785 793 1
785 801 1
785 855 1
785 866 1
785 868 1
785 998 1
786 842 1
786 848 1
786 910 1
786 912 1
787 808 1
787 819 1
787 835 1
787 887 1
787 922 1
788 835 1
788 838 1
788 845 1
788 947 1
788 959 1
788 961 1
789 892 1
789 929 1
789 947 1
789 951 1
789 966 1
790 936 1
790 976 1
791 802 1
791 805 1
791 829 1
791 851 1
791 866 1
791 924 1
792 882 1
792 888 1
792 968 1
792 997 1
793 794 1
793 888 1
794 832 1
794 919 1
794 942 1
794 977 1
794 994 1
795 866 1
795 872 1
796 838 1
796 857 1
796 937 1
797 884 1
797 916 1
797 946 1
797 950 1
797 953 1
797 993 1
798 807 1
798 845 1
798 895 1
798 974 1
799 914 1
800 904 1
800 943 1
801 806 1
801 937 1
801 942 1
801 979 1
802 813 1
802 848 1
802 921 1
802 965 1
802 990 1
803 877 1
803 888 1
803 988 1
804 833 1
804 891 1
805 909 1
806 893 1
806 894 1
806 897 1
806 899 1
806 994 1
807 889 1
807 928 1
807 992 1
808 820 1
808 929 1
808 936 1
809 906 1
809 923 1
809 986 1
809 988 1
810 829 1
810 900 1
810 921 1
810 958 1
810 964 1
810 988 1
811 848 1
811 980 1
812 816 1
812 829 1
812 922 1
812 990 1
813 886 1
814 841 1
814 846 1
814 880 1
814 907 1
814 929 1
814 951 1
814 978 1
815 869 1
815 896 1
815 964 1
816 821 1
816 902 1
816 934 1
817 876 1
817 886 1
817 889 1
817 891 1
817 892 1
818 876 1
818 892 1
818 910 1
819 832 1
819 878 1
819 927 1
819 964 1
820 848 1
820 986 1
821 841 1
821 873 1
821 950 1
821 985 1
822 970 1
823 857 1
823 861 1
823 878 1
823 886 1
823 904 1
823 964 1
824 842 1
824 880 1
824 910 1
824 993 1
825 851 1
825 904 1
825 927 1
825 985 1
825 987 1
825 989 1
826 846 1
826 920 1
826 966 1
827 848 1
827 912 1
827 917 1
828 843 1
828 919 1
829 912 1
829 921 1
829 958 1
829 997 1
830 893 1
830 973 1
830 978 1
832 852 1
832 863 1
832 898 1
832 918 1
832 953 1
832 969 1
832 975 1
833 921 1
834 844 1
834 914 1
834 918 1
834 978 1
835 863 1
835 870 1
835 925 1
835 982 1
835 999 1
836 949 1
836 983 1
836 992 1
837 840 1
837 871 1
837 921 1
837 936 1
837 951 1
838 892 1
839 853 1
839 866 1
839 916 1
840 851 1
841 950 1
841 955 1
842 886 1
842 889 1
842 906 1
843 871 1
843 895 1
843 924 1
843 957 1
843 992 1
844 858 1
844 919 1
845 991 1
846 950 1
846 952 1
846 975 1
846 977 1
847 870 1
847 878 1
847 989 1
848 852 1
848 877 1
848 903 1
848 923 1
849 851 1
849 869 1
849 915 1
849 976 1
850 890 1
850 922 1
850 949 1
850 953 1
850 985 1
851 868 1
851 948 1
851 974 1
851 983 1
852 860 1
852 980 1
853 874 1
853 904 1
853 915 1
853 941 1
854 878 1
854 994 1
855 930 1
855 936 1
855 945 1
856 911 1
856 944 1
856 993 1
857 958 1
857 961 1
857 999 1
858 866 1
858 987 1
859 874 1
859 875 1
859 890 1
859 934 1
859 982 1
860 910 1
861 877 1
861 881 1
861 898 1
862 879 1
862 910 1
862 965 1
862 967 1
863 909 1
863 914 1
863 931 1
863 979 1
864 888 1
864 902 1
864 908 1
864 914 1
864 954 1
864 987 1
865 901 1
865 913 1
865 916 1
865 919 1
865 922 1
865 932 1
865 991 1
866 926 1
866 932 1
867 904 1
867 955 1
867 970 1
867 980 1
868 900 1
868 922 1
869 901 1
869 942 1
869 997 1
872 945 1
873 886 1
873 958 1
873 993 1
874 950 1
874 960 1
875 907 1
875 948 1
875 982 1
875 985 1
876 932 1
876 939 1
876 958 1
876 964 1
877 959 1
878 891 1
878 970 1
878 979 1
879 894 1
879 980 1
879 991 1
880 931 1
880 973 1
881 905 1
882 893 1
882 916 1
882 917 1
882 918 1
882 920 1
882 931 1
882 966 1
884 911 1
886 965 1
886 977 1
886 997 1
887 915 1
887 924 1
887 946 1
887 958 1
887 983 1
888 947 1
888 955 1
888 985 1
889 901 1
889 909 1
889 910 1
889 960 1
890 938 1
890 990 1
891 980 1
892 900 1
893 985 1
893 993 1
894 953 1
894 954 1
894 963 1
895 918 1
895 964 1
895 981 1
895 985 1
896 897 1
896 903 1
896 983 1
897 925 1
898 937 1
899 900 1
899 925 1
899 927 1
899 945 1
899 982 1
900 914 1
900 940 1
900 952 1
900 955 1
900 969 1
900 992 1
901 935 1
902 950 1
903 945 1
904 911 1
904 936 1
904 947 1
904 954 1
905 925 1
905 971 1
905 980 1
905 990 1
906 932 1
909 928 1
909 961 1
909 972 1
909 991 1
910 991 1
914 959 1
914 972 1
915 946 1
915 977 1
916 945 1
917 966 1
918 980 1
919 925 1
919 932 1
919 943 1
920 959 1
921 959 1
921 996 1
922 926 1
922 997 1
923 934 1
924 941 1
924 948 1
924 997 1
925 935 1
925 936 1
925 941 1
926 937 1
927 984 1
927 989 1
928 929 1
928 946 1
929 936 1
930 945 1
931 941 1
931 994 1
932 963 1
932 992 1
933 999 1
936 937 1
936 982 1
937 950 1
937 977 1
937 985 1
938 940 1
938 945 1
938 963 1
938 987 1
940 972 1
942 955 1
942 984 1
943 955 1
947 956 1
947 968 1
951 966 1
952 954 1
953 992 1
956 961 1
957 963 1
958 973 1
958 985 1
958 988 1
964 968 1
965 992 1
966 986 1
967 978 1
968 996 1
969 986 1
969 990 1
972 987 1
972 991 1
973 977 1
975 996 1
976 986 1
978 993 1
979 991 1
979 994 1
993 997 1
